553197181151481857
553151506556653568
552801724898226176
580331255570530304
553542245966958592
552825739075022848
552822944603582464
544384662765068288
544518707825750016
525058825909731328
544518337498058753
524956168754843648
552805050620604418
552834033600966657
552795050502270976
552785391653494784
498277197581664256
536846436537999360
529708410464636929
500363602943942657
552812847651377153
544511783940403201
544284599996526592
500378338582884352
553493707472011264
552808242276229120
500072155166814209
498255816034893824
576715243948118016
552837484221300736
553545857304629248
580336568419921920
553478289474740224
499700861900435456
553185854165114882
525030963781595136
580329096024047616
552830850279424001
553470733180223489
553591315515310081
553100922268942336
544514782456729600
544281012708970497
552978435090681856
525039242771464193
544279103864860674
552792271243210754
553590459688570880
552829046485434368
500277808883830784
498488195047096320
544447768354639872
525003468659228672
552827825603219456
544346359948910592
576855835445428225
553227856046596097
580327336505176064
544401106617786370
500420356621213696
525059193074487296
544416937178976256
499672226887897089
552849797892542464
499637476315910146
500070108099002368
525031610136014848
552840805678084096
553175714128990208
499369948943495168
553476880339599360
499705599454883840
552978586559188992
544329431998038016
524940014065811456
553568095978401793
524971165056782337
553542093683974144
581063753837481984
552831420197261314
580359809041604608
553581668142153729
544384041391517697
544317301064208384
552794995942772736
544288009747566592
500280838710247424
524947129354420225
500396366829735936
544444261027299328
529627707382853632
581063816882065408
544437156505067520
524941041301225472
552822330141851649
552812475134275584
544376532161298432
524980483479076864
553187959835725824
553137601457426433
500385585807499266
544277650714677249
580337873691533313
544297247567917056
580320684305416192
544515781367582720
499409692834021376
576641067317096448
553128548526227456
524935485370929152
544346361101963265
500296988077076480
553556643456507904
576409244968361985
553516364879904768
544376300417585152
552814978823385088
524945170777645059
500301418406744064
552851305023414272
580364138020507649
553231607449276416
499602370917978112
544353918315397121
498302874531553280
580339793122447361
552832169496694786
499427833102745600
544384825332101120
524976486902951936
553122276913471488
499687644045918210
553140613051215873
524937243518312448
544514883484520448
544301589931241472
544402012570284032
553143987377561600
544301449845305344
553573066455134208
536439239118831617
524961362448240642
552796506642591744
553126517187047424
552980714610634753
524995942995746819
553153731471364096
580332410853789696
524976857822011394
524949884143927296
500272399867068416
498281812821803008
553487579077550082
552802098602319873
552846544320618496
553570203678683136
529687410611728384
553147034707165185
544299916252573698
544306732475105283
580337440738713600
577258317942149120
580357920984051712
553188225691684864
499456913902284800
580353737769820160
576378113711558656
544471218951581696
544333172180537344
552833148128862208
552821810224304128
544305673287524353
500367267901632512
544499780479893504
544282877278814208
553170984824733698
500280847912955904
499589336816308227
529710975730323457
525059348574130176
552822696200142850
544291804057960448
529688713253494785
529739968470867968
500427786159681536
553116528074575872
536489596423774208
553566644006817792
580377378226049024
524952437137092608
553198344034865152
529702197916090370
529726566646177794
498296205777326080
500364003734867970
544341124614459393
498253652755111937
524958599433691136
553486796534054912
552798832359374849
500365170796158976
524971124845985792
552815293349650433
544472595140063232
498527404386578432
524943658748219392
552842837516386304
552833681111658496
500327106824245249
498284334806495233
553478677359775744
553514505633017856
553137849663361024
553526283033133056
544277607723048961
544384680376532992
544496262629036032
552801958428700672
580321844089212928
544405761925738496
553555156391186432
552801028262096896
552791719272775680
553194557316542465
544389770009276416
553229808260632578
552834961762709505
498271954185379840
553159409476837376
544332254068350978
553139573019406336
553198107278987264
553586860334010368
544512064694546432
553567732126736385
544446667312091136
552788886355996672
552789196906459136
524954313337364480
580352455952732160
576757242042703872
553567850301231106
544503881527742464
500284494201757696
544373515067998208
544420432099545089
500380708783665152
499381843955707904
553589295525941248
553138598980370433
552800929519792128
544459886365376515
552846287314640897
581252958446329857
499554248292458499
553535430788780032
553218001181605889
524931324763992064
525041601890881536
544515517546254338
553569379674521600
553133048611753984
544408991649251329
500277526590423041
524942058042449920
553136565296582657
544301313459101696
552839028350136320
553581501422788608
500310127896199168
544277817987330049
544391063742332928
544360928603799552
544401573968097280
553151201253294080
524970444156571648
498532911143206913
552817293969739778
553491517462315008
553223681409703937
544521141335764992
580387098039046145
577303343728627712
580326045238333441
576346280336756737
552786361758265344
524954262657581057
576423157587906560
525008613392515073
498274493337702401
544444661859749890
499626055251271682
524958383468978176
553182566564757504
498254540870017025
553532980896231424
544300361360498688
544334477011349505
500298091627823104
552847627319259137
544308156625481728
499525020708634625
544290258951892992
581280784155353088
535792764135280640
500309381930844160
576679386616881152
524973223356940288
552831197420994560
552790742700417024
553225701701066752
553591526937600001
580329747416113152
500301494340419585
553575302392455169
499411738467794945
544310691600302080
553121522769219584
499494187969298432
580398796124876800
544519396828672000
524996383120818176
553136237083889664
499692915954704384
544391471458451456
553137557601812480
553535971959275520
544310853613281281
498273703428620289
529735706386898944
553235360722214912
499357289363431425
544463189447294976
500339591392817152
536843350281060353
499688532391526400
580345253179342848
498489451954573312
544482745637158912
524948618776944640
524936931059056640
529645279159779329
525055879545380864
553124783043649537
544511300630753280
544515584931528704
524937204552843268
524940452383170560
553174639158231041
552851629624803328
499621957747224576
544362279006113792
500311883669585920
529775258698399746
553590961486696448
524927695633666049
544476533302505472
544385829180035072
552822544341139458
500270284117925888
536827540829384704
552840067199533057
498345343629541376
553531413459660800
499705746377150464
552812140479148032
524970142719963136
500292684192686080
544274879055675392
499705545583263744
553188974811185152
544287499397242880
553229956830875650
552847427410341890
552824162969210880
524950395110842369
544283387087691776
525023642007371776
499584618165567488
544520888003985408
553478142791548928
500291116403789824
553163210715844608
553146117685522433
544399562866053120
576320540983582720
499405013261635584
581300992194572288
524944788525973505
553132819237462016
525021358879936512
524969483317026816
524966565788520448
524949439367380993
500320316602974210
576494602070441984
536141476460507136
500387959468982273
524974885362479104
499701669437784064
580322653472493569
553472488462901248
524934673760530432
553215383256432640
552837310707171328
525068253341970432
500329864017498114
580332684905431040
553111157738057728
498313143530303488
544311959483473920
498316826988642304
524949003834634240
524935146806738944
544299029601861632
553587352086384640
529735459069788161
499696744155062272
500249630664560640
552984916070531072
500363097698086912
544430771688439808
544406902990323712
553159439457341442
552823933381394432
553582812964876288
524934419270742017
524984505376182272
544354840042680320
553485452943302656
553473416905629696
544271069146656768
529704637301923840
553544419602104320
524932056560963584
580327197921120256
553540739058376704
500288284195426305
580337826279124992
500396027342376960
500334308867858432
553527807771308034
553145759961714688
552841006799159296
544294274674593792
552829396265230336
524975847846203393
553109369886633984
529728722963034113
553105942460760064
544309956250320897
552805970536333314
576639665786249216
553572754746638337
498616975850225664
544334431830286336
553160213839486976
544393889113600000
552825783337897984
553492417023057920
498401948585181184
553098785132670976
552978642968780800
500286170035523585
552787231468191744
544400809182523392
552985973445783552
580364889736232960
544324444773433348
499611719090450432
577302850318938113
581274406804025344
499654272342953984
552815575672836096
529728291545284608
524977651476623360
529738310022090752
524953077456318464
524942952733220865
524969201102901248
500385868041842688
553495137314435072
553173654121742336
524980402495430656
544515215576948736
524964989975937024
536825223061180416
552984474729062401
529722288971984897
524948790227517440
576181101577703424
524925033626738688
544512078518968320
499571347375136768
544337761600557056
544345939054710785
576836412051304448
580347961256837120
580325043705667586
544383383095508992
525060425184858112
553137713163943936
498489114384420865
544312732443348995
524932558275235840
544274364288364544
553118212813246464
553483415954411520
544380742076088320
552827553493565441
580370249712697344
524943063937208320
553575232867672064
553125384246804480
524927288077746176
576319105965359105
524956415589621760
524949243883425793
553566026030272512
524947964620701696
544417650680823808
500336373833170945
552822450824962048
553483707122995201
524967711492014080
544521260840267776
499457882144796672
499705963126202368
544366723067957249
544511263788003329
552788007603142656
500398901028196354
498305825341845504
499438977774931968
499695682476060673
553537380209401856
552842983247466497
552979420227842048
553582057537146880
552835385043062784
524925987239120897
552845711289909248
552847505763737600
524933380929245184
500258409988763649
544287252306997249
544351133120987136
544275138712469504
499606278910398464
553152831050362882
525038296921960449
544424408027115520
552811533303296001
552819824007872512
553526776878469121
529540733020405760
500307273659318272
553132714446950400
552822076676255744
552842140188147712
525049481679892481
529725420162539520
553583847850663936
524971492820647936
552828872379875328
524969144832491520
552824126659104771
544510402454110208
524981689781870593
544470708093747202
544437798426509312
581260171688718336
500353295903637504
552982908865368064
552791414388424704
580321156508577792
529734113608359936
553221319345844225
552807528070131712
580344171019542528
524979946218061824
552811319079227393
580371847335821312
544515489016594432
552810249263259649
552846893588709376
552815091331366912
500421515678978049
553545000110538753
552820533507944448
499697652385464320
553522808417157120
544271815007145984
544354657385316352
499402643869929474
577308426902056960
576379928914046976
521310417696858112
500280809652514816
499693411503726592
552828504060874752
524968293577158656
500409399865651201
499649813332639744
552817965813739520
552816883012239360
544273459199893505
525069752566575104
500362044324208640
576860819322880000
500322486362202112
524954630279925760
499697887434248192
524940940721418240
552803839490150400
544449039433883650
544353257175654400
552818870281850881
553110609513177088
553590653784195072
544461947882586112
544344684685189120
553588946039746560
499401831874043905
499404849835175938
544508411178536960
552820842544246784
581047170637381632
500280304146612224
524957752138149888
553188115033387008
544407157077467136
553542337553764352
500372391407931392
552838568717344769
544281689233850370
544443377643954176
552834640692912128
552801880812691456
544513517706305536
524929014621032451
500176026882678784
536847243631149056
524937968138878976
553558126147149825
500420906670256128
553135886859534336
499441454498852864
544274585697280000
553588993993232384
552956517197303810
553558982476828674
552836392678465537
552808701065953280
499368533378498560
498304114955419648
580328565255852032
524969415318982657
576892395930955776
544287209730236416
529723807591038977
580329455173967872
553485654030446592
552826238407294977
499512318410375168
553180729254113280
524970097711267841
544483951524737024
524935586025861121
524926698165633024
536805431360749568
544390903839088640
552849662991151104
544400801083686912
499690032601772032
552833795142209536
498506343368519680
500277477986828288
553537551114706945
580328582993616896
553555600911925249
552848620375261184
524943721302089728
544373945206460416
498280126254428160
544439832466817024
544301025079730176
544273050188148736
552826876398292992
544403564077260800
552807598966059008
535450182142672897
544415156659175424
576795865433706496
500358907383275520
552831506041683970
581302544116379648
500405877460193280
544373839548145664
529683211774083073
580351604831846400
524994809912504321
553473704060284928
524959778125385728
553116915325870083
581409613913804800
524950159160250368
552820265994829824
576833924736892928
553584292090359808
544289311504355328
544516530160300032
544419008615702528
553589860880375808
529763844176896000
524936966492942336
544384498947719169
552814216550563840
536836469542105088
500263561298710528
553201539737976833
552808776492130304
499698817567293440
500256984768475136
525012561214058496
553561170637238272
544308793623207936
544307589245587457
553129117215100928
580327058158551041
529689763230797824
529627936622931968
552837814946394112
580355037504909312
552816561514635264
500321506371850240
580333759125458944
544390130682068993
544298376851111936
552792131447037952
552822566726164481
580328783619579904
553115926531674112
553181997041217537
535552999624826882
498531639472189441
524944178586091520
544519480018489344
544319905076903936
500362083221786625
553166152344829952
544419788739461121
544278335455776769
499701114195808257
500270055540916224
576777148217843712
553204986474422273
580332255693942784
544297331906973696
544319450569134081
529654486974099456
580352273001410560
544286172109758464
524947716393414656
581307361857392642
552834481183539201
529720273285566464
529716182438653952
529645026452979712
500386619564650496
544445364322197504
498285529704976385
544448991518130176
552825473160736768
499636076852420608
553563780928770048
553537280343031808
552981531023921153
544363222296297473
544430900235075584
552791159232540673
553145603665186816
580377478184755201
553529935789559808
544330542871633920
553536269972942849
581299354431987712
544313043463987201
544459333983948800
553212333867012096
544272155144646656
524961908903149568
544301235596054528
524958250706681856
552838203078873089
553223882128490496
544338575240609792
544339368823894019
499565555645685760
580330104846475264
525026592788348929
553592040374947840
580320267777511425
552789252690706432
544492465185898496
552798654495354880
529828486975066112
500277481119956992
544296096244441089
544307028815253504
544329251487756288
553587546614427649
552843136238899200
553524086417424384
525053517531062272
580330064384028673
524977812852461568
499649754822103040
499583349267382273
529762820108607489
544463701030354944
552835209285337089
552829129356496896
580333028624457728
544446973667860480
544333236243947520
498530293116968960
544495167836016640
544343410849886209
536848962775678976
524965701535412224
544429185255481344
544381485591982083
524940659778920448
576657704933990400
499444395800682497
552827979093385216
553205691742425088
544298346345947136
524955386697515008
581301336085553152
552823829333291010
529730384989544449
553120849231089664
544290967369428992
544377870554898432
553143415899451393
544492454016475137
500276114011742208
498281886603411456
529724985775235072
536777819204775936
580319983676313601
576732099304095744
544383230091464704
498430783699554305
544285194815942657
544449562552045568
544351486956670976
553542417673367552
553576849943826432
544288856263360512
552798016646942721
553472557978902529
544472530921480192
552812811651272705
552978225010184193
576885758537109505
544450560460480512
544477048048082945
553208946350362625
544493536771854336
524975093966209025
580349419360526336
499411596255719424
524951314556796929
544476597512699904
553126492579053568
544288773023203328
524949306101743616
576847722055131136
553551148280729602
553476471470432256
553569333150896129
500306548841660416
580330369603366913
552795773180858368
498585089828478977
581314363644121088
553218599390040065
499699479688544257
552822841541144577
552993818816299008
499386726414954496
544324741239037952
524924987774631936
500306837103968257
500411055315910656
525061787860103169
536223820131360769
500318980007948288
499362441697193985
552783745565347840
544293770926120960
525044725926330368
553159773555023872
524961561677680640
576276947648405505
544429350376861696
552827164677373952
581296960830881792
553136604882014208
553200726403710976
544292146342531072
544508666724876288
577297951325876224
552812572731527168
544354175900196864
499653470417199105
500368579875704832
544342204576038912
536847375802052609
499412821671968769
524949837729787905
499689919929798657
499655603405725696
581359544682614784
552830862585503746
580380219921580032
553555593034596352
525071376084791297
544323358327070720
499667482354143232
580328848774045696
553101451271352320
544343299138392065
499698357397237762
553219770053443585
580884605097664512
500358977046474754
552837086425128961
535828163402543104
552818368487911425
524991576163250176
552798310889566209
552847548776742914
581411131547320321
544508900595499009
500303431928922113
500380881563811840
499349252938956800
580365755750871041
581262528107384832
544483282352889857
525020980037816320
552830684021424128
552846874432909312
524926235030589440
553546292748898304
544494312206000128
544435176479027200
552846938677059586
498433651835940865
544289409294553088
498477676219600896
524944544681705472
544453205682556928
552839103214288896
552825459546030080
544321311250468865
552837190360006657
544361266718846977
553537235463979008
524930851747164160
580885624883904512
499600140580044800
521369179392581632
544385086955589632
524947416869388288
524984773211860994
552790082533752832
553590880352088064
553218281705066496
580356429615337472
499702088512049152
580322102307373056
544302821450207233
544355218251452416
498292732159619072
553161401733496832
500408607561629698
552826443965927425
498267196833808384
544299439087550464
581295422414680065
553473629854646272
552838287929663489
500359125310922753
499407248427188224
544328673097039873
576866204360581120
524935246647926784
544285296565948416
544521433473634304
529670566031421440
500407038800056321
553222048924049408
553165231275663361
500239327004471296
576819222694744064
524941504796962816
552848653980033025
553215879979085829
552842642216988672
500251503903662082
553466755411369985
500359377585704961
553475729187680258
500254607470518272
553099685888790528
581248346309922816
544519284740079616
553123329561743361
553575450329378816
500213598149672960
524941272549969920
552815540721291265
544271362022338560
553228537084116993
498355319979143168
552831705351225344
576617856919465984
552832291601674240
500376891623079937
552816932643405824
552850514132873217
580335578069209091
525041091507388416
524964929083023360
524939347699585025
576812998418939904
553547637832843264
552824462958395392
552810804186460161
552845028130037760
529739770524860418
524936872666353664
576238790936662017
552815387759616000
552814130827370498
580370275121938432
524983395026497536
544300256981430272
529716453792956416
524928960615186432
524931083797004288
552800222553079809
552832584045330432
524955620538343426
553470977972375553
544501464849059840
500361647144574976
553563668169125889
553096753898323968
553176411541098499
580335409202348032
544419029905985536
544500883963518976
529738730748534786
552798010196107264
553171841913602048
544375969687953410
544497137221136384
524974900017373184
500377145349521411
553574345235103746
544520990538358784
553505371290357761
499361662743220224
544302448522035202
524923610851729408
498286045843435521
552832996676730881
552830668607348736
500286058664579072
544393723099238400
498455001463664640
553113536625664000
544491160803106816
544275574642835456
544415816851021824
576349360767807488
576389113319944193
524947870735429632
524928878075457536
552828280806850561
552801979861598208
552797058990870528
498603999252467713
580331981130498048
581404604677660673
553151132949053440
544285712653500419
544310166242734080
552841583251701761
525057374965739520
524960851493924864
581256908251758592
553481963864993792
544427753785659393
500292129802186752
544307161589772290
499410965075886080
498276354434277376
552847370489430017
581183387848859648
553488054640340992
552849194944167936
524945879455653889
544321934410788865
544513557912879105
544377046030635008
552818988468944897
500305514447003649
581377529124130816
536050365406253056
581287562947395584
544509086998749186
580332189155459072
553226624976420864
500369479482630145
552814974511628289
552828573896413185
552823014866563072
553578243173781505
552837775498964992
580336554406711297
524937594090844160
553185062829948928
524942353355005952
544466920880492544
544355197435142145
544281235271745537
535241189234982912
553476288103477249
498602798687469568
553527964856352769
544302851158470657
553139285717950465
553472225798795264
544296671950020609
525045145079533568
529695367680761856
544421207115051008
552824383816073216
581064157870555136
500360094924931073
553547659404148736
524978422188376064
553468593141469184
536831867329466369
580331132878618624
499678305134448641
581325025569030145
524991844292521984
500287224957898752
544284859628523521
544496602262806528
544458445764968448
544337383215226880
525028522361114625
544274934835707905
500298588992593920
553214576956043264
524959027516932096
580319206400475136
553123958602862593
500427783848615936
524960221694005248
524976963862429697
544317474498703360
580351390570135552
498317138554150912
553219047048105985
524951419175309312
500382853147164672
544413195884974080
499700213792387073
552851546384646145
525032872647065600
552851679905734657
552802654641225728
544385535909715968
553141935482093568
499478732315566080
580321350750990336
544450710926934017
525031558949134336
499702384424022016
553582206019723264
498316475317239809
524961055211286528
500324836355608576
544406931897479168
580329875891974145
544354418938740736
544397240601563137
552821050145513472
544287796719288321
500283831803326464
580331561398108160
552831842232324097
544429514525507585
544268186292867072
524968337747767298
553589345186111488
500246996163129344
576325381990535169
580323815261016064
577342598592901120
536825153372831744
525024518713397249
499576743967993856
499362348940144640
553588760060125185
524957566502445056
552804408233193473
499361965035491329
544480905532669952
544518590104621058
544424261163569152
553114158989074432
544495975083941889
524973444946202624
544291619084959744
576347888168644609
552829571750715392
544518647881170945
544287165912735744
521367917322338304
500355828227252225
498274934553317376
581473088249958400
576829262927413248
500186504279625728
524949136173694976
498278882244853760
524943804051496961
552849515271958528
553480082996879360
576376097824198656
580322066374721537
525015193425031168
552804810463117312
524944571256434688
525056576038518785
524976313766273025
576863192854462464
498305851828879368
544288302254137345
499478537468792832
529771847186124800
500073277273165824
500286460210462720
553519375521951744
524966596897685504
552839975843016706
544513292576641025
499673760484433921
529702456348139520
553097004138913792
498286918011224065
544316684736028673
576781604821053440
544435023282470912
553585447235223552
500393152444772352
499361017038905344
500072137374171136
553131797379551232
552848726197559296
553580959661309952
529648547864399872
535708968837206016
525027317551079424
529667041142124544
580323152103911424
553536887349325825
535517405921804288
524968330172850177
544330861680664576
499690869784846336
524998881676107776
553178273895956480
544399649025433601
544454229960974336
544412083714928640
553544078768766977
500374427448516609
552805619301097472
553589372084162560
544520121436213248
500426437392732161
544316904861478912
553555207410700289
544363757493702656
536778036180680704
552808658510561280
553573633395015680
552984231748829184
576475228928385024
544308749725626368
524946179390701568
576486732864098304
553162815402672128
544316814856306688
553129811850559488
525022663102963712
544457877688430593
580358227713458176
553541776854634496
544418204508893184
521359863884967936
553168792017457154
553592081483321346
525040097272819712
524991470416461824
580319005703069696
552984347754897409
524982066564567040
553503546382249984
524956372199555072
553551934251343872
552806890498191361
544510450101415936
499410901033054208
525002243100401664
576323086888361984
552822739388882944
500292917957648384
500404132394459136
500413012822745090
499699052389208065
535450705134649345
544336408144781313
524932935137628160
580331000573476865
529663474079920128
553545782050045952
525001895631654912
580326012749221890
576775762461745152
529778109290012673
544353600273518592
544410079043551232
553200047417196544
524949443607412737
553587278564823041
544458558432350208
553551279620755458
544489340584222720
553591049541914624
544518583112314880
553106200242700289
536127932918681602
499571799764770816
525028171549523971
500360308289187840
553130148107943937
544494721872433152
576815154735775744
544296007589433344
524950117192044544
552831524002103297
553147120942084096
552839518974660608
536822580720984064
500320286341099523
544512910538838016
544369501857263616
552827123963281408
552816288935202817
553219651594125312
544300674448887809
553163344577064960
553113938091462656
500236187395571713
552791034447794176
553187649943384064
544349042952916993
544387967037763584
553547836517007360
500164348963459072
524967811081195520
529732350402646016
553586510260629505
576191681827057664
552841287670308865
500269950876286976
499635247311781889
544470979842281472
552839416620658688
552827117663436801
524967298604359684
544519166582337536
580882302621843456
576723588952276992
524959836778536961
500286293688193024
524930293921107969
529630665168281601
500375190535421953
552830459273809920
544409432600223744
552807101442322432
499650234914713600
500298315368390657
500354471525109760
553145137086607360
553223992300285952
553589051044151296
552824769754976257
544346261365600257
553167814941761538
525026066944262144
500293392060780546
544319274072817664
553574650450825216
544282250503012352
525027539845410816
544342743003045888
553484760233017344
500189389855916032
553560480586166272
544392718601183232
500236774103605248
553115168084074497
553554032745525249
553591653647138816
499683602452717569
576767713328144384
499611069565112320
553587735613952001
544438499642847232
576319832800555008
524995375468249088
544292798887784449
552821437678223361
544294893146091520
499355083734519808
553558824720666628
500404509592387585
544283745939767296
553195827397926912
553186739326812161
553590946970206208
499610913112989696
553172148085620738
524962142563610625
552784882687299584
544500527720325120
500279951275606017
544290752533393408
500361668132892673
553234578086055937
529723708207030274
553208300607922177
552815712432316417
544432661419155456
552784526955806720
544296465619619840
544326597055369216
524924034124107776
500176071476936704
498287166909579264
553153190859141120
524930678983753728
525056022046851074
553480876315901953
576407819353780224
524945225253675008
498452658605535232
553578191391301633
580322453928431617
536783143865688064
552791332935434242
498302603034640384
580365806720122880
553143905039159297
524981223291383809
553222038379180032
524987184836005889
498269697453084672
581303832895885312
524965242213007360
498507434693246977
544379489263042561
544334554631536640
580357537083576321
544423787949600768
580320242020290560
524937574281121793
524952322703900672
500377191029673984
500343812863311872
553495922639122432
524953918166794240
499366666300846081
580321372703985664
553525347266740226
544438653410639872
553162401940770816
500307863894786048
524952883343925249
580317556516483072
499700906384842752
525036180379676673
576412144759136256
524955251464736768
544326461952241664
553198972287082497
524960277348233216
536825651463217152
499642704687816706
552831974784905216
581253085508534272
524962072262881280
553553288625672192
498285405142540289
525042177643016192
524956648151191553
553148339160907776
524932635177795585
499671635067437056
524940803601227777
553590721207615488
552831881847533568
500283877567770624
499694783691239424
552836968410021888
498492636630896640
544373513407062016
544420349052342272
524934897367285760
529749285198655488
544301786849640448
552986187364065281
553540719714271233
580353540725452800
529705050453835776
552818821460148226
529723420268068865
524981513637888000
580326398620934144
580352540316946432
553227288859664384
552828811344359425
553164985460068352
553112230292496384
544328894812549121
552805169206157312
498318493293772800
553181500104269824
499394946416529409
553213362713399297
500295570393542657
529691396169809921
500381163866062848
553144712920834048
525036214286815232
500347948635791360
500281856559161344
499362949166030848
524931913426157568
498283038338711552
544391085150457856
576811711652450304
500354853680340993
544274544174071809
544333302178799617
580334309422161920
576812336952000512
544511151900753921
499659628645720064
553189526177579008
500263680026869760
499514668814467072
524958238316298240
544373694068686848
553572914923323392
525012689568161792
544277526248304640
580327626419482624
580346142183002113
581299253743501312
553157600704204800
580342670511472640
580883100533690368
552819983915700224
544441034948636672
544372465078505472
544439521236893696
553198268436344832
576388172109750273
499478126570004480
553164722380742656
544331094523662337
544450580367024128
553485866346483713
553211397782654976
544275733607366656
500278169828470784
552795056080691200
544389259491172353
552802011733716992
553559880599359488
500388199064420352
553176929411825664
500210207986028544
524957978806743040
529654388269535232
553548440563908611
544317139323473920
576248645365846016
552836695754678273
498487087105314816
525026973459165184
552842761565904896
553124985137815552
576821651490340864
499567797064957952
552837561119686656
499560002341044224
499663992697417728
580344006682505216
524944981753356288
552789127792717826
552843236797349889
544387886611570688
499408988422037505
552841460681572352
552829904396775425
552835301547442176
499678822598340608
544364507342979072
553570659805454336
580886010575257601
553540824768991233
544314810884562946
544270745744846848
544301961638457344
553533859032477696
544318036715782144
544404673357021184
499705042178691072
552821570423771136
553127274829328385
580350000074457088
544431559320014848
553490238979727360
499647397278937088
544406665223999488
580323060533764097
500362377062547457
553543395017510912
544293716140126208
524969963850051584
544316384273248256
544277860555710464
524941529928839168
500399997113098240
544415318345396224
553127899033640960
536844922088091648
552833028201144320
544294618758520832
524926445496197120
553534768537939968
524935943925796866
553160898399834112
553209232712294401
544292129972170752
544446269968908289
499657337548701696
524943638812299265
553578250186665984
544514207933542401
529658492391813120
524956294395224064
552803757864787968
552840037642297345
544334623023452160
536532934014926849
499684402616864768
536825222608203776
536826273667227649
552831266945794048
580337178506584064
552847251207241728
553570370192949248
525024066152169473
524965026256662528
544284483453595648
524945197705461763
553590072373968897
524979279701241856
577273752796282881
499693751720501248
544301296099270656
524995812854489089
553586538928676864
576860068316057600
498474035668586497
500312651797233665
553200085132009475
552825664307744769
498271531386953728
529702439164067840
544326741674967042
553575803733426176
544349773676179456
544391790615605249
544514127197388801
580336127699087360
524981890567385088
529723684454666240
553491604917334016
553151670796820480
524948264148160513
553513403512532992
553566200098488320
580333728762896384
544329935943237632
524957105296404480
553591736598269952
500347379938492416
553205261847236608
536837810805039104
580348081100734464
553582801833185280
500368724579192832
576836049151868928
553587511839444994
553149163181838336
529728664137904128
524968185016360960
498254929942028288
544464445787750401
544518128798294016
544443027570556928
552841562963464195
544513407400304640
544512187171995649
500375737439096833
552828308744699904
500331134040162304
553544566042009600
552829176018112513
544316046379716608
500397785246466048
580320964875014145
536836675226177538
544295960449265664
525051210349289472
524965165759221760
500367591773179904
580347360959717376
544416818711252992
500375545918803970
552804454773567488
553212702714499074
552812775907422209
580325458870460416
576316647880839168
544398776236904448
544280217104031744
580319116302647297
544408293192368128
580328132932022272
552805638024077312
553518053838061568
524947424482435073
576171827086520320
552845393541988352
525058578365698048
525050193360613376
552827848734830592
498294775649665024
544428008258297856
553229948153262081
499699989237747712
581302297579425793
544273888725577729
553120696910364673
536425735771414528
580325090367315968
544396260740845568
524945095322513408
552794942759010304
529776116773298176
553538456207777792
544295667112230912
544380899639689216
544388658334146561
529761572881985536
525062013551001600
552982828963856384
553487971497041920
525046432085327872
553169114102247424
544521166543548416
552978476605923328
553542208214036480
544291829290508289
535524640031256576
544520795511611392
544337689676636161
524937114539282433
580340024736116736
544309275141885952
544486187478433793
524949897221795840
525039876366798849
544289941996326912
581257660118491136
499660768908832771
499620598994444288
544469768745398272
524947744809418752
552982813671043072
553585530504749057
552836985493409792
544474153646956547
553470492565602305
529637014527029248
544482664515121153
544490782183657474
544406288231174144
499655869412286464
544271284796784640
552814566594576386
580362104110071808
544298121379852289
552815332931665921
544419416578850818
552810287695659009
524942149973188608
544287083343671296
544305540286148609
499446567229603841
529652829536141314
580338194731962368
580322005280493568
524975705206304769
576767882945789953
544511558173601792
553201549997277185
544378769952505856
544378468931076097
544363391641341952
524954105471840256
500277311652913152
553501357156876290
553490358748061696
552800070199148544
521360486387175424
544458083129229312
544286688436969472
581394092648710144
553469263650906112
498305962726273024
544280765111218176
500376174095511552
536844209982959616
552834559297867778
544304742743044096
552806757672964097
552796619104866304
524947475858472960
552983656231628800
500283291493494784
544341255174356992
581405344288608256
553570681619640320
553110783761338368
544336736948473856
499364508641808384
552839869387399168
553586959596396544
552822604206460928
500069586063335424
500290456845299714
525049044201377793
524955062486196224
499532858399412224
500315536937324544
498322865843109888
499345023721537536
544284078330376192
577301342617673729
524960580944560128
529637505981624320
524943132409212928
544520690490417152
580882906014474240
581063145256538112
576848770136174594
552824320389435392
524965597793107968
553224764924243969
544504954334224384
544503425082613761
552837132491186179
552811354323963904
544402785966772224
544409400941625344
544389639046721537
552978385572732928
553477943616634880
499389815268573187
529652689471569920
529627706057834496
544275597464444929
553205427253829632
553535862911541248
553218083410952192
544440498594017280
552849865680494595
553562569169199104
524939818347028480
529654835537518592
544513072006967297
580319458004193280
552991544731774976
499667557247614977
580331192316198912
577303162765250560
524958743000125440
499693137670205440
576326555246415872
553105493255000065
553124563266306048
576573355404431360
500382437655207936
552833483325059072
553196263064498176
500419556629041152
499360784666071040
500314823117115393
553172900270727169
500360244187635712
524958128392376320
552828400843620353
544273427075710976
524947036228317184
524956518404198400
553543467427577858
524966392702189569
544313370892324864
498482619232055296
544518445870497793
553584782987497474
544427333969805312
552811254667288576
580346835295997952
524937635698327553
499605248747786240
544511811404705792
525052976562712576
580699825030754304
524964564018790400
553588374280601600
544409532324413440
544274797640044544
544427938372792321
529679551631089664
553135802495270913
525027958835408896
544289880805605376
552807874192482305
553576648973377537
529723362894176256
498250100079341568
553587511864598529
553165538499641344
536831866721280000
500289154581008384
552838341843226624
524978526974668800
553545906155712512
553233414145310720
499585144416514048
499693808515182592
553587542067773440
544314020539289600
580338392782757888
524988027425554432
500349179848560640
536228944299958272
544317165965303808
544295871592951808
552845250268766209
544384394337611776
524955385480753153
524937542131793920
498263598062661633
544351356824604673
544451052679204864
524981565462704129
524961070465945600
553586781355278336
498254340310966273
544282449388519424
581245152158728192
580346392431968257
552796863297236992
553493510306152448
544411585070911488
553587013409325058
580333904126742528
544284526684286976
552804592988479488
553181386069143552
577261281125642241
553557753558757376
525011747007377408
553589860892942337
581546828954411008
553131713376047104
552845671477153793
544374395540881408
525065123917221888
552838710296080384
580329886532968448
544283772569788416
580321327845765120
553207514222063618
544352188210745344
581063957684850688
544410050572582912
544367862211952641
499668221767999488
544393766287970304
577269846259433472
544297827258888192
524952094986350592
553535227214438400
498277231253127168
552978972963643392
544451181754744832
553545384069328896
524924954287296512
576716016908136448
580320825351471104
524923341359300608
498259432237969408
525034687245582337
544439077756755969
500285962342367232
498287947301814274
553146494271094784
553540580912156672
552814410763603968
500395231305826306
544374511194632192
544436666661085184
552785551930454016
500366417674268673
576694748095782912
499517463457849345
498474263255330818
524931752725585921
544323933634564098
553585504093224962
552822314157768704
544325779199258626
500309193526882306
525026219100995584
553555293645590528
524946336190586880
500284091305299968
553194417239363584
553106334607228928
580370309884182529
500375440285237248
581357303405813760
581247332282306561
580331071457333248
552844436460560384
500384393362698241
544282393801007104
553497508970631168
524943012602716160
552816062593761280
529731513613836288
552979275776032768
544314301067304960
544521788777304064
553171989385728000
544499931101548544
552805596198871040
544508995361202176
580320945740480512
525057606151602176
500281037486698498
576471501081292800
552845136414380032
499687274326786049
552841477819473920
580332990867349504
580319999887347712
553119505887395840
576820722426839040
552841157785694208
552816233796894720
544388013141143552
552812416485294080
524977076433321987
544377326122057728
529655582882791424
529644676333453312
535960367055118337
544492372088717312
580330721719508992
580323877429112832
576406521833086976
544272537341812736
524949073154301952
499665889198088192
580319968484421633
552807236339507200
552789550238801920
580335398683058176
553161476928978944
524979152944779265
499488337338843137
552829637215408128
552791678881660928
544442068639416320
576772668805935104
553556844665659392
498294764718915586
552812188315172864
544282355989753857
553558513210105856
552979992603533312
553555979238129664
580327960638521344
500361847070269441
499366977497214976
553107688591089664
553099050409807872
581258486861983745
553467311261503488
524933600433938432
544514988078280704
553561762466115584
524944569528750080
552817490263572480
544495240640757760
553148926459920386
529695075560071168
529720675272249344
524983236712476672
525027116287811584
524934381828603904
552796269069209600
544341369762742272
499366930457710592
536835011941396481
544282127404388353
544383022876065792
553153740925304832
552816539175763969
553591475830009857
553108242856177664
544514569339953154
524979548195024898
552812020295532544
544282714237448192
544350480780914688
552845840247971842
553469523945590784
500339589601431552
499652797030088704
553587708367765504
552825303341740032
553104503520890880
553144928721973248
576713397196210176
499698366402789376
553549680538578944
500393439482368000
552837168482492416
580882121222434816
553185370108878849
581386155083620352
499704226294300672
552819936343883776
499697848737210369
500327581514993665
552804839886184448
544307547390607361
544337816298070017
500221671245377537
525007169956347904
499695460358311936
500357314722156544
500358526804316160
544519788752818176
580328708675887104
544352727971954690
529730804688375809
500307001629745152
552837907174948864
499700824432717824
544519358090084354
553137068688543744
580377986941206528
499529014797557760
544494787168972800
553164303650799616
553570914143854592
552980557836337152
498498431271190528
544389893120856064
552817205982019584
536836468816498688
544315187608973312
498497395198799872
498290802255466498
524938162900967424
500339209715335169
544365585417527296
552799606833430528
499699803576881152
552795953301045248
553115396006764544
544366934154678272
544443959662358528
536830979714056192
576516069516525568
544356213837017089
544306616137293824
552806932176977920
553163190138580992
500279160795721728
499703254637219841
553521417598550016
524929550493712384
500350460122136576
553182889379397632
553502446769942528
525020620636307456
500406581855801345
499453410744483842
576427952860045313
544284957766463488
524937675115999232
580325235653799936
553176976698376192
544483003758419969
552829580579323904
553202028575731713
580323315614543873
529664525768077314
544316978278592512
524979133366165504
524924660480487424
544506678922977280
544372257674788864
544446828654366720
500240534481666049
553100996855885824
499682060793937921
525007664544493569
544519635916169218
499660771857809409
580332832544976896
553199664720543744
544385641975676929
524953840127574016
552815017402589184
499674825753772033
552814460193476609
536787694169632768
580350426278719488
553552772277481472
525044004287971329
544384349395628033
553158826435018752
553180005514366976
552819986834923520
544499381731622912
524947604690702336
552805450350362625
524934507892580352
552814983797821440
498463733447163905
580353986991112192
576509905596727296
576387464924819456
499581469027618816
580327924978569216
524951456362012672
553206304396038145
552835288725061635
544504889746149377
553133340795363328
553589285342175232
524949526487265280
544495155198181376
500344846612447233
552980299769200640
544512664769396736
524985046198157313
544518335019229184
576796432730071040
580324804403818496
544317709396496384
536504937401049089
536837509167480832
529723023184498688
552826992509599744
524941720249978880
544439380329644032
544353303468199936
499377470697926656
553192366098898945
580372806178881537
544333020023754752
525029433632366592
499366152049803264
499387993879511041
580320890086383616
544477802255630336
524956129017995264
529729262593773568
580330302251393024
544346107900207105
553542628097019904
498284302128668672
552790824971677696
552850925510225920
500354773133299713
552795778922864640
552802117908697088
499706059691663360
552803413583360001
544511434840113152
536848139836481536
552797638807281664
553185404657352704
552985339011153920
544396078125039617
553174713061892097
524945814796644352
500291013521334272
500298752469770240
544421245698056194
522286703848218624
500413489882484736
544319832486064128
544302827330224128
552830781656428544
544319667364708352
524976526891417600
525022700923019264
529726825938030592
500324234821124096
500339512082698240
553129378969047043
544341194822520832
544287922166726657
529653880196698112
544483913830531073
553143179038715904
500280249629036544
500388703114895360
544293261506928640
499596695705894912
552814213081866240
498303921430204416
524955317201666048
529757077200449536
552982669840355329
552834461478715392
552846353416867841
500322242296041473
544323450270392322
524961408740380672
525032520124207104
499536812109742080
524924225463668738
500328583194509315
524949939755810817
553528740618436610
499405449951584256
499402444267212800
524946753154727936
544332510440595456
552787144373460992
498317308771987456
529664593921314816
553589469849583616
544434475807936512
525047079325155329
498292602861400064
498486539585069056
553591411602640896
524977767688200192
552786016906383360
576470720328392704
576327507093360640
544446282559799296
524947071770435585
525068915068923904
498497371899449344
499691814358888448
553474965278691330
524975031059632128
553589970775343104
544517264054423552
580347464907153408
544515097625108480
524934648473079808
553555848794877952
500295393301647360
553114307383541761
529669581506236416
498301902048997377
544380980677857280
499705041238765568
544493466836017154
499583424114728961
544492614838673408
498463591767756800
552804198161854464
544320939245043712
544347292493705216
529752475541442560
500296692713783298
552823029680852992
544510827433558016
544380433014591488
499706705354448897
544300369765859328
544425457471725568
544426421331169280
552817759684665345
544438309267578880
544369229987078145
544406212461473792
524951893467234304
553191800408911872
553489837542899712
544315472075042818
524930671220105216
500275854434639872
553186577850335232
580360165540642816
524950455743291392
529723023591743488
553126072905383936
553106869615472640
499497872564703233
544499449645768706
553585596959318016
499463629251837952
544298334354411521
544291966536523776
553591093498224640
535818207542923265
544435685864660992
499706350759206912
553215313807163392
544422678119981056
544437375003131904
544336572141694976
500364250461003777
500335761615355906
544277852968210432
580326978546495488
552978376424964097
576513091287945216
553229626756329472
544487672145018880
544274757689307136
553484365012148225
553195806899970048
544449632131375104
499669671034257408
577277669588537344
544282005941530624
552830864187727876
553195969282867202
580317998147325952
536845700835733504
499692099005325312
552818334643658752
499542449753051136
552834732325879809
544479045149130753
553543032642220033
553167429665587200
552802099331735552
500072455931588611
553591758899412993
524922078638903296
500260514807947264
544393165101613056
580326871302316033
524987150413336576
553186515359379457
553561169923829760
499431474731683841
576192621351145472
499579650926858240
553541988490825728
499401478235099137
529647261689864192
529684962778570753
529735674405326848
552843174218321921
544426163964096513
525035552643751936
500177556768034816
552838074636718080
544469470568148992
553487625815064576
499432169836531712
525007810871164929
576763653329809408
499647059688173569
553546967281061888
553174607604482048
576815329172590592
498357910603575296
544512676643500033
544338698750664704
498294248488574976
552825211654246401
499706065769201666
552819064301961216
553550301886955520
499701408904798208
552985297307598848
525005134624215041
580334563932549120
500328049058279424
552805267990413312
552819474320359425
576393784835072001
529590949136326656
524983146266505216
553473369539366912
553535221828964352
524955243185176576
500288971197263873
544306591235710976
500353815132897280
552820735513612288
499606771246567424
524967510563889152
544333764814323713
524962748237889536
499691638424608768
544477097016578048
499430225043009537
498530904139378688
525021083892994049
524985325190656000
544307871853592576
553548487225532416
576833924967493633
525038096086499328
553209917944131585
580330078682353665
553499806883381249
529649368656134144
553111553235361792
524950679274942464
536825396990607360
524939142485262337
553232704708546561
544382740750024704
577301582917816321
536844329000906752
544294692456628224
553174789561389056
500285282650832896
544367462012432384
576597020065996800
553214219899117568
544374018661687296
580352417541287936
581287723841032192
553537537126694912
544312118497914880
499699435551866880
552787144415404032
529660296080916480
553546551709409280
552845654637436928
553098799380717568
580326762673901568
498281104865259521
498487611963744256
529727006427340801
500363023958409216
580318669483413504
580341214098137089
524977992683237376
524930538009006081
552839190921351168
552811735183552512
525000220371734528
500294349872062464
544280516821024769
552788396733906944
529642612618035202
500282674200604672
544518841020473345
553540872986705920
552834842837409793
553540478403366912
544410806167678976
553131554743287808
552827981069291520
544511130249744384
524955304199352320
552810166744547328
576671947091779584
499554114024771584
576790814942236672
553592023392202752
580388756043083777
500368204376850432
524927356830760961
536333336353193985
500378522398244865
498272364560257025
544515999161393152
553591303582523392
524961513006964736
499679142766735362
499674991294951424
552793551231541249
576336032809005056
500071770192216065
544450135988899840
544444409769512960
544279262547935232
529664783599943680
544293739221368832
581063906682114048
524935085863481344
553177082566836225
544482559900393472
544301338935312384
580331121180844032
580323992843718656
580322026029654018
544280923923959808
529621484130828290
524980579956449281
553536397731442688
576806702454075392
544396608704901120
553165824979386368
553486529231089664
535936169196810240
544494058287423489
499412007573942272
499699366660423680
499705246642622465
552984527295873024
525013278343581696
499564237552115712
544510219401703425
544434450918932480
544271185903484929
552801667855695873
499602989133594624
525027873867198465
524955388190662657
529713467184676864
576443643680178176
576509083152457728
553551598954491904
524959390332239872
544316500002484226
552846698524184576
500277854341697536
553230661012975618
499689349420568577
577294068851421184
535482306585042944
544457904422531072
500364914796802048
553151980928262144
552813549291315200
544405871703240704
499376069485821952
580326111311171584
553561452318322688
580325714567806976
544513510450155520
577287149516541952
580339825649291264
524951625556066304
544277117039837184
544467710923395073
544286833362747392
580332109782466561
576772770220113920
500287538578587648
553579224402235393
576321776424189954
499383196451368960
536825223526756352
553588340432572416
552804394727927808
524983403775799297
525036457732231169
580371845997682688
544287203728556032
552808071387701248
553520399300833280
553214726629781505
544356122082410496
524980219749597185
500393530960121857
553137946740932608
524947502903345153
576362213134454785
553506337121107968
500265950667870209
553542442373619712
499472596853743618
580336204186521600
529714629745082369
524923676484177920
544305745416581120
553560219981459457
553506985413713920
552804175310901248
552787878351474688
524941119403335681
552981889619722241
524995166953033729
553578029751226369
544305999994421249
553531343834202112
553180236591169536
576528880208637952
544515671347200001
580365989780520960
500297358908071936
544309893969092608
529664917239250946
552836844560609281
499569344184340480
544517721757847552
553524183594844160
524958227768020992
580882417117958144
524957429889777665
553563356339384322
553145690424344576
552806624046641153
553586275438301184
576452724281102336
544319395619958784
500163615555878912
553584366803488770
552836167029514240
499648409767538688
553122359398260736
553234456522522624
499662393627410432
544483404528775168
552817675408523264
524938107142283264
499704780366036992
500234112054341632
581266400192307200
544519694401941504
553118198741356544
553156988356820992
553189165509394432
552844104418091008
580343329096904704
499690351875981313
576480712699744257
553468492700454912
553503846258196480
544352874969698305
581061914001821696
580333909008871424
544411992279093248
577294310573502465
500261600579043328
498277678706077696
544440749387808768
544296373466562560
552786299875520512
544360342995099648
544359422726664192
499690604302192640
552851421155299328
580364493928181760
524982699220803586
553537322218553344
500359006331092994
524948268355051520
525033443076628480
553185716218650624
552810032765497345
499654313870761984
524995771587108864
580379486732066817
544388092552294400
499692788993511424
544350565283532800
552805853762699264
553540617540624385
553501469388058626
553147368913506304
576515871876767744
553203041705664513
552979279039197186
576816930272776192
544310849784274945
544432190281359360
553529196216344576
580336341080260608
576344611519614976
553477554041257985
498483031842500608
524983050187579393
498298040881782785
552789583260577792
524973811092193280
544317494379294721
552844167681159169
524948554344054785
553100279089205249
553173501369389056
580323456996282369
553591679341842432
529578734102523904
544428082749132800
553550888770740224
525060022569422849
553537460920389633
553160909208559616
499698311306043392
553151749008424960
553129559173115904
500283314230419456
499651830951841794
535270217689993216
552829481962835969
535434467696189440
524979881525137409
553473559352606720
553227906449960961
544388259359387648
524959809402331137
544362543997665280
499685593857531906
544277336422486016
580346992074842112
553480287045554176
553470907629707266
544370072018378752
525057025785356288
552833941930274816
553573875528007680
553171877464920064
499397804620386304
552790565642067968
552986374765563904
580330690807394304
553146248652681217
525034457086959616
524966328734863360
524950404283772930
553172543470043136
576548875072335872
544518859290464256
580350587289604097
529740161144602624
544401029211496449
500347920210989057
552849157694947328
524998906799988736
553227238829981698
529664974978023425
552849968546213888
553180503969644544
553588080964558849
524952341561491459
500312670260957185
544514570367168512
544452969702236161
553589880245481472
500278045597368320
500411513727750148
553479315711864832
553483906096185345
525018717038854144
553589869810028544
529729927835557888
553474188259102720
553506608203169792
553591760668991488
498500813845966848
498259903962570752
524968564306882560
553162589744926720
500396175753633792
552833662593400833
524949733983657984
500360248767840256
552806610490646528
553235271169638400
535822193150537728
553127086706397185
581287108607811584
552812098057936896
552816020403269632
500388477763325952
552807536894947329
544353502689251329
552850282410176512
525058976376193024
544269997745242112
499692589143298049
553236009081921536
544382249178001408
525067500447612929
500165620835840000
498276771226451968
525025552634494976
553540131756732416
553196930768330753
544497405237161984
552983966932688897
524966572277129216
553218279557582849
553148970651107329
552824885484224513
524993523746373633
525047767325220865
553497730476015617
553169622762262529
552832142397296641
576330947588558849
544461661055098881
576780691616198656
552832738542514176
524947149134774272
500363024926900224
544435863946416129
525040492388823041
529638427462217728
544518803225604096
500285732578013185
498321666267561985
499409455814287360
500402908740210688
553476073703620609
581259253429702656
581290271997968384
524943504192311296
544492053900836864
499642374428307457
536825996985790465
529674135098900481
544519486498676736
525065430713790465
525048987649576960
499358869492367360
552846886626164736
553508098825261056
553480333954678784
553213740137467907
576814574873235457
525006853626159105
552798200990806016
580364973664309248
553165418639413248
525030696738652160
576889130258419712
553105208008773632
553174247506706432
536805993334571008
499649872534831104
580326073776357376
576435578691956736
580347051927597056
553592195786506240
552831515940634624
525025695425380352
500360095738626049
500278978557804544
500072098178813954
553551435762503681
552840155728736256
536514538850750464
552823198484819969
552836829234614272
553186457121472512
553111820786204672
580333314415919104
553164381673259008
544300178443100160
544366894107480064
525044678765187072
500239577387659265
525025463648137216
553537939041701888
580363156721131521
553107921081749504
544276027644850176
525019992337551360
524979070288019456
500302383747194880
544390718253699072
552794514424102913
553580499395174400
553200573387124736
544463778780557312
552850533523136513
500280422295937024
576819219876225024
544329204314406912
552985855854661633
544280397472088064
552982443511144448
576709199146717185
552845255796461569
524935731148775424
544470843997564928
552823186966855680
552837027616804864
544300945820352512
581066887200694272
552844311096983552
553121581187485696
535440024930902017
544379787246981122
552850725467082752
552850092806258690
524937421180653568
544305672372772865
499427218171248641
499381917490237440
552795585095671808
553591980748734464
544350803125735424
544310222547087361
553117500410716160
552847905498103808
500395288335360001
553555389611274240
499574200596983808
524978196589334529
524983828000276480
581063377226637312
524974518960652290
544280873806610433
552820331204055041
553562832001048576
580333827425439745
552851433247477760
529818929607475201
544288135564107776
524931019745812480
544495737770618880
536830857403961345
524971258996588544
552825844755083265
553539631149756416
544508035113439232
498300128088694786
500291056445845504
553163862707818496
553127508150071297
544461231549992962
553490160344502273
500366333461422080
552803792618799106
580332232121933824
499361252691681281
553490241445965824
544516164333080577
524991832451981312
544458427263512576
552846463467024384
544367010894086145
552813590919778304
552807027781947393
553225359928213505
552809042687819776
553591518619893760
580352532167311362
553123078541434880
525040767317082113
499540195734065152
525052223030845440
499703651079045121
544378232624410624
499524024012386304
552821030117711872
553587920398221313
524944881941495809
576773359729426432
552794157484634112
580352792700821504
544495359800930304
552797114863198208
500360632093646848
544356997718900736
529572620782825473
580340476949086208
544395804190855168
524988783213547520
524999488067633152
524988712367955970
524946808271671297
500430673099104256
544320992361721856
498267673789472768
544392353717317632
498297336968515584
524932792925569024
524964279456653312
553509181446443008
524938857180303360
499387698390790144
529746217098825728
525063393309630464
553541834975498240
500284377490665472
524977669902172160
553101388926840832
553184082277187585
577295940278738944
553545386082979841
553108170726719488
553535468290453504
553138330557108224
544369667096477696
553103832717094912
552822887988883457
536842041586876416
500341884678836224
500308900957405185
524993166651318273
544272561266503681
553177833686589440
576814014438703104
544414686935285760
524925223226081282
499699107615997952
525025329916948481
524953391634866176
544301012492632064
553533607126388737
525070933556350977
552847230693310466
581450117972144128
553514329166061568
552815682241691648
500306187624407040
500270456830562305
536464887015567360
525044262648676353
544490976253726720
544520949748752384
500365059390836736
500290098647547904
553531783992868864
544372222400671744
525041399344168961
552821977061556225
552848704819183616
499698964925796352
544495066258362368
544272701108797440
552823691500072960
552789886202175490
499676350064508928
553103772852191233
553539252374757376
553486439129038848
553189024941481985
553215929107382275
525046462460477440
553535829529100288
544475905926524928
581273151612575746
544442676410867712
544511736465072128
580331706860871680
544376469279875072
525055967076290560
553566870750908418
524970488590651395
544280399044960256
544325938826076161
553157352091025408
552840728116994049
544292670336925696
499660656769921025
552840905213083648
552829734502297600
525035832336736257
552848590373392384
577311956048154625
553589657695715328
553177321218514944
544512867144192000
552784898743099392
544283714751328256
544364000897945600
552813155572006912
580355581254471680
552804301316579330
552817769604198400
544309943533600769
524998110268096513
553553966970044416
552811772038881280
499530401136668672
544288799711592448
552799640488517632
544373676842311681
553502311872733184
498477164380299264
500294803402137600
500281131057811456
544389506569220096
499368931367608320
580322927679279105
524938282732642305
553562446456422402
553148900811759617
500368901365317633
552826150141960192
552849316021551105
544282227035869184
552796091255894016
544435030127161344
553509591888441344
499385227362328576
553157600225677312
544513524438155264
535463053190778880
536844214202400768
553118384540643328
499700579527299073
553474012446478336
552801829290270720
525008463819464704
552807783385800705
529652269105815553
580327576218046464
580339510883561472
544497307933474816
552848478196736000
580321925265788928
580324933525467136
576508971923693568
581286157151039488
552813160110252032
524982907052765184
552985912901001218
553213326277500929
524923293711998976
544279776765431809
524944006577668096
524972443308683264
553587167394791424
525066876058361856
581301262269829120
500335355904540674
525033278555033601
577298811460128768
529725532569886720
498279420885360641
544462911729455104
553503909692841984
552789521646247936
524933657493250048
580337320508919808
552792913910833152
544273256174198785
524947414050816000
552808785329549313
580327692765151232
524981463033581568
553214939838836736
544284577318318080
521358118597689344
553209843939831809
552820025409941506
500413956230365185
553219195056693249
576600087066869760
525009541671702528
499361506132508673
553152448077258753
529669611030331392
553558131369062400
500390232756617216
553570916907511809
552806937470201856
529758256596787200
552833236389199874
535967306799538176
500350150695743489
524998460848611328
580331843616133120
576840804834144258
544514249356484608
552814767417876480
552829395690201088
580331347752914944
500351760402493440
500402804910206976
552850599168196608
580336766663540736
529654186791944192
552838203276021760
524981945131102211
498275621651636224
552818799095730176
580366761398239232
500270780832174080
553589720480235522
500273257262886912
535656301833895937
529679172650942465
553555432577708032
544280391226761218
552815993165467649
552806462125506560
524934300459077632
552834411553886209
544304298243653632
580337583508570112
524986649315667968
524944978288852992
498529979672842241
529692457337118721
553562348376850433
529664568772292610
500352655827279874
525021132022628353
553525290908262400
544372701285351424
553588494661337089
525062993898635264
553108153915944961
576794571448909824
544384839906906113
552792544132997121
529735664347406339
576656873681731584
544287332061298688
498272080564334592
499651344622694400
553224215676354560
553563889104093184
552982124274647042
499375535458643968
524944637489086464
524966770428243968
524928119955013632
553121732387946496
552826581916594178
529763954231607297
553100203239428097
529679359301648384
499704658139435008
580327611760545792
552835221859483649
544511865729323009
553587329626292224
499446112147628032
524948866773184512
525052332116312064
524954028287877121
576789978795155457
553584173420920833
500247666924986369
576530268351246337
580323165068509184
552837644959621120
553157384714342400
552798891994009601
552841185199263745
498544167757570049
524976773671292928
553162459885096962
553553813542797312
524956383318650880
544338622078410752
544411313779126272
524925050739490816
553143017922912256
552816689386373121
553209912550240256
553569512269021184
553135991083769856
580355192908095488
580329796527366144
581064144394285056
544453251068743681
544433367765110784
525024181218725888
529665662856495104
552837599304622080
553588889084891136
524966582544781313
552797729504886784
524929559909916672
544428261602623488
544465862942797825
576427289111474177
580372127125131264
544422134127525888
544357899783655424
553148844574511104
499363975377993729
524980504324358144
552808282398924800
580334729678966784
499613731312005121
580351149619953664
580328000400564225
529689679411810304
524936881348558849
553558108866637824
544301609472122881
524940623594287104
552984798671945728
553209341520535552
500287491182579712
544336537870434304
576327863802138624
544520615441756162
552814766369284097
553228535511650305
552824456557887488
552808138127446016
500359897557790720
580320612155060224
536831367959420929
553166766977740801
553187683510812672
576429318701760512
500357713260724224
536835870897479680
553230614712033283
553480257747963905
544313008642461697
499581876668227584
544396563116589056
529627432996044801
500417151346696192
553588012752568321
581246782765719552
500316005089181697
552833942777511937
553586897168392192
553587816048099328
498586725502173184
544321631976296449
524970731202166784
524951696376487936
553581958455123968
544289448150986752
553589055116836864
536835870293512192
576481588004933632
552816590463315968
525019265888702464
524984209505812480
552830521340723200
499706791396392960
524987851046658048
499689438092726273
499697729225105408
500352850329751552
524926643325132800
500282606316158976
500394061887709184
544300088747884544
552824163841638400
552822812281692160
529648452511473666
500296080710705152
544309283048144897
529723761428557824
535926525422358528
500186818374270976
529653029747064832
544476492281827328
500430445830365184
544516940367413248
524987107081977856
544312065637097472
552827029692104706
544268900351766528
553155289235881984
553145236268916736
544308490840195072
544374313848430592
544301149348982784
544308888628387840
524977285133524993
552832721945628672
524956007324082177
580320856561209344
529726244834017280
524965047647617024
498302254190166016
524942946765131776
552826060455550976
544391946513305600
544426670095368192
544415616753745920
544447757860483072
544518033902149632
552822873773993984
544372545219489792
553117423906590720
498472666802958336
525021697003782145
576872037089566720
553145422097969152
552827757164371968
544514538797035520
536826754770685952
552819208212717568
553538304332017665
499346625760751616
553152515701612544
552850603714826241
553553724548059137
498492003903356928
552836586191474689
524945676443340800
524948520605069312
500345408150065153
552818300041052160
552828474814398464
498356729634390016
552807832257835008
553542516772175873
552844100224172034
553470140042735616
524958992330522624
553552493561798656
524934827909210112
544520379176599552
553477352542707712
544515546633355264
580336348764065793
500400102125879296
552842342143905794
576821399983026177
524978172110987264
580322332348190720
524955850591334403
544343625069379584
524999079127162880
544442448965947392
544482233038286848
544313592477384704
544335202923737089
529657418985525248
500358195408551936
524950264303075328
552814076167213056
552813494345940992
544370712639590400
500335927248429056
553550448154910720
544285245600989184
544327577406410752
553531316797718528
553180071775993857
525016983646244865
553185825065009153
498590686065606657
552850379453366272
544338731210399744
552813011803836416
529729911926583296
552849116280393728
544269221564137472
529657139959451648
499598115888848896
499696550541795328
544374563539140608
552813223360352256
580324721381740544
498560433021026304
553560488056225792
500279571988877312
536810390739755009
525008469385302017
500322373359661056
524937560276344832
500290977798836225
553131791553667072
525029016001318913
552808904137408512
553464709899616257
544367253857525761
544520654431981568
500293872162205697
524925600318754816
552832784046108672
529726656941162496
524943114885427203
552790695036321793
500284699546517505
524928195011698688
498292317296812032
524980166289002496
544416436374892544
553216874130206721
524967620588896256
580359057825009664
553582251616010240
576494415851626496
581063928953876480
552827133500719104
498535462349582337
525045203648790528
552836854085459968
553117778870169600
524927789892653056
500397058541379584
524957925157384192
553505458162782208
524943615437848576
580349424058175489
552823940440403968
552834808121163776
553200115079712768
552821730100924417
553469733656203264
500278365031370752
544361776020586496
499705269434085376
524933764330586112
524976929703997441
498300832648273920
552831107985858560
553227441712668672
580324697415360512
576830057496248320
544401599414943744
524938288277118976
500252508884070400
529634428734423042
524947196131966976
498280074941313024
544287815790755840
500160181184249856
544395562666037248
544467005655748608
525039208139087872
498251940997136384
535391478969675776
544340943965409281
552828658747187201
544488899100147713
576825885774467072
499388619425980416
552822696195932161
524979668282519552
524930575472136192
553115176057065473
553579715014172673
552810805243412481
500279519455219712
544520042810200064
524967376719466496
552826724774592512
553204399439642624
544296672608534528
500328758201815041
535711053686898689
498600617645199361
581274572823130112
553588326578417664
553152208691539968
553116149333114880
576770854803107841
524963322525798400
544290611856408576
544338622422335489
544506628239028224
552834501383290880
524925553489760256
498269289812856832
580339547269144576
524969431534153728
524986210402705408
498325055726559232
499579905508917248
500280477920796672
529679889923076096
553215658784456705
544427543336464384
580326744357515264
553177465883873280
544311814649942016
500217516611108864
580333881687195648
499377813758443520
524930594950479873
552838479844216833
524979179235069952
544278913883447298
552804491821854720
544378515378814977
544425928290750464
553591055833382913
544427042616254465
552983003308515328
553586523338440704
535386605666979840
500314015609147392
552845017208061953
544338676835041280
552831978522021890
553559095798931456
499638207987089408
553169577228926976
536812027571109888
524972277406773248
544301453717041152
552978225094078464
499455799723184130
524929497205055488
524971386838978560
552804962158514176
553204017552457728
499688832300630016
553492305521672192
524961721744900097
577269239779893248
553581669710831617
552822043490938881
576341809812623360
529733645435949056
544293069957259264
552848426812313600
544280929154637825
529765936199647233
544455370476109824
552817101057318913
524961016904294400
580885187837325312
500321184269881345
552815443959091200
577300802294804481
521359454672269313
553115341338198016
524940716733370374
524962450786226176
553225809444749313
553117623568068608
500394005419409408
499437429690888192
544307776135364608
580335608477982720
552813988644659200
525025114111635456
529695483661664257
580337418550775808
581317224096387072
553213361350262784
529654321873715200
552822434639126528
552788947219533824
524993009440403456
580364656608428032
521361857810939905
499700209484828672
553143519536500738
529743499588276226
553538523266318336
544296463027961856
544359670480379905
499601956491374594
524926768054956032
544408496918499329
498483279943962625
544402024524038144
544345074960584704
544273563872538624
529692613780439040
536835327584141312
553515054503821312
524963002768842752
498272309535191041
544298354029506560
553113944219320320
544416309266898944
553168698677030913
576394422813769728
576412997662433280
544334394912014336
524953110285152256
580347646465949696
553224402012078081
500421926079066112
544478625383608320
553177822312013825
552851847581413377
553125364520992768
544305859904286720
544511693204647936
581288928646340608
553187990953295872
552807582113730560
544394005182963712
553587861837328385
544358920869789696
525033625788907520
552845267289247744
552981296839131136
498524570593140736
553130475032563712
553556984273072128
553530524183326720
553558385048944640
552832177138696192
553575984054951936
553543319423553537
553529796601585664
544505447911149569
544517500118249472
529725387400835072
552838324977545216
581386094337474560
500358258654470146
553216909022605312
552803431702749184
524966904885428226
500281094239817728
529667934697029632
580354367796166656
498256407980826625
529722630363181056
553145755079569408
544472800379940864
553161360503500801
529724755906400256
576853097445752832
500386524416856064
499700083265269763
544459726948286464
535721996391178242
544496062321664001
500396427378298880
498268463639851008
499598154581303296
544296772592336896
524963649455407105
544468997916614656
544425494763302913
552808135006887937
524990180034609152
576819925005680640
576746408184676352
544277113683980288
576464933648371712
529679905483915264
524923480173981696
580353697865187328
544355845489065984
529749273211330562
500180740127342592
524945101542678529
553231516290269184
524961659685588995
552848013778251777
544409519380758528
544443739800731648
553583376398319617
529399936434327552
553227258782306304
544503037973528577
535919972439322624
553118438332571648
525067419635576834
553184958958022657
552829217134505985
535966185477931010
552849248182865920
553535642848989184
553174338380517376
498294367405477888
553515399438811136
529695308302000128
544285508441231361
553555948883959809
552816600995614721
525018288330272768
552846625467817984
552809336360419329
524941318389501953
500331472277225472
498349598197702656
552799669521481728
498285782512050176
499698828845780993
553529101659566080
580329265251536896
552786818853113857
553481076916883456
500266427840864256
500316260081889282
499363323335680000
500315609171636225
499440386767859712
580699430690656256
498504673339666432
553220054184382465
552791115599192064
553193866057506817
552842042242789377
576344015458570240
553528788383191040
500224586064343040
525028734991343617
499699270883110913
525005137405018112
544373593841623040
552810477940932609
544504183341064192
524954833648771072
552802714816905216
552839289919533056
544351179044425729
500320235841265665
524943226948820992
576204915694964737
524944146025312256
553533193899368448
580368417556992000
499349294034743297
529655746074779648
552826524467216385
524927809773649922
499695918547861504
524929769469538305
529541962639355904
498264393185239040
580328302939889664
552838134627860480
552816302780579840
544280617160949760
544520273718812672
552819316702199811
553566279953842176
580332380436709377
498276304635322368
553189490521812992
552822718115373057
553523303453696001
544427216516698113
525061246702587904
500316380063748096
553146691344695297
552981833189969921
500287815734013952
500264892134207493
552838559393013760
553145859089920000
544294794139533313
544285819108741120
553553331671408641
499592320900431872
544337283801829376
525011494896148480
552810359409897472
544390550497947649
553465105028222976
553177099843149824
544519021702311936
499703369108553730
553210306877739008
580343473607438336
525069189447704576
544391323214573568
553210080829906945
580331677899202560
580333946271113216
536825222050365440
500347114975944705
500212911856295940
500325220193153024
553473550523580416
525030331775463424
544489539348471808
544478708741201920
529641857513308160
544309096351268864
524977830124617728
581295858898989056
552804784819154944
536782128109740032
580346858846822400
544314234541469696
553540355317334016
553585840270876672
500176354185187328
524970966842376192
500416861016580096
544445607717261314
576448454005813248
500363831957135360
580337446170320896
552802128688078848
552833393734721537
544328324601114625
500303864495882240
552827008800280576
553589419933196288
553113509152952321
553102562665050112
544323086841954304
552821659103940608
525044166519451648
553141087725170688
525023912221212672
524942802908876801
553528503573184514
580339310299340800
553137476135432194
544487535418687488
524923678472286209
498487999848800256
544518036255150080
498314939359301632
553526191399776257
524988555178045440
500360596995731456
498480344992350209
499691501136650240
544403765575839744
500315291168276480
552811128326475776
544428421745741824
524953767402553345
544276998017646593
544343367279456256
544520434767503361
499364522038394880
553531695480463360
525027651908800512
580337292838981633
576510163596795906
524926279309860864
500317687239966722
524974318087061504
553216460164968449
500180625312083968
500303238810574849
576866204339609602
524985689905967105
499702134279913472
500278858156085248
576338374925164544
544506347438735361
544376732649013248
524929893759737856
499702206455488513
580347068457308160
553233728030650368
580335102313500673
544355924224532481
553544336475168769
500287479015292928
544427255439425536
529773317889064960
580332903986524160
580882674413375488
544280650455728129
529734565599121410
553126044375732224
500293511632388097
544294402366394369
552819350504493057
536760961692999680
552851772658561028
553186555150749696
552785443813457921
544420963429797889
524950507023245313
553190655011205120
553544252563935234
544512465099587584
544318880001560576
553586940856242178
544414430025371649
553531971457265664
524978912145985536
581248880098086912
529694805010685952
553186026811039745
499387985096237056
553542565593878528
544316576645017600
500301519854379008
580339662096605184
544415105358643200
524983581983375360
552978184413921281
553184451774402560
499702462865874944
536837309078200320
500235112785924096
553556728651210753
525052526593601537
499586890837016579
544351885298130945
553193210269298688
553172769819852800
553131763468603392
544464731449196544
544519245087121408
553207267685060608
499520839860367360
576531907606892544
552841650582847488
553136053112950785
498269636551798784
552834996265054208
544453564718804992
536323971239903234
500371149713178625
500286984162525184
500277421506306048
529671440829005825
553586798451257344
544511560249790464
500413818368184321
580330161725255681
524957517294886912
524930499790131200
576356996145917952
524936008870400000
544511676088066048
544467822168920064
544293021995393024
552843285468020736
544462918465503233
525009850104037376
544411097797644288
500392971636719618
536844860058529792
553537870431268864
552836204283326465
552811386259386370
553547629963911170
544517440332627968
553134790925619201
544353552177455104
500369391339724802
580333915275165696
524968205690089472
544451041396531200
544509140911919104
525030416261337089
553590427216248832
498248648699150336
544301455952588801
500332933098385408
552791578893619200
498452664527511553
580328198564651008
525047104239333377
553472437644320769
499426471300329472
544515971637968898
553198853487611907
580318717860532224
525037656820826112
500299904817049600
544267656597995521
553183420499894272
498285556502372352
499412661176926209
525010084003213312
529590474005544960
524934142958788608
552840740007866368
544500288183607296
576185920094908416
576231309254721536
553543369604210689
580324027715063808
576397815406071808
524965786059026432
552850611524599808
544309113694740480
524949887591653376
499379061718659073
552817711617552385
524923462398513152
553184390260338688
529712119391199232
544521880661950464
498303769915191297
500431179925823489
500382073593405442
553554351633858560
552815182708494336
553207216774590464
552844893148938240
553227389061582848
499453886474637312
552847959864274944
552820156980670464
576771847754268672
544353793270243328
500292202845982720
553519997956669440
498499795192143872
525021050627973120
525005886272843776
552821573946982401
544306719686656000
529644561770217473
544282015487787008
552847035108323329
529722264615673856
544305913260433408
499658267493019651
552801954733490176
524959630158725120
500313811195158528
544391412075069440
552835854750605313
552838613877411840
552785375161499649
499465611647275008
500285938824908801
524948941956448257
552818309050421250
544321103875694593
524949628689461249
552837016350912512
529830319982407680
552832817089236992
553210869010935808
552810448324943872
553149347777753088
553133704881917952
524949028728221698
552804769241526272
500359983301939200
524954661703680000
536845753394536448
553195138156343296
500277625773121536
581325197661376512
553144448452792321
544308531684335617
552812040926941185
580330740086243328
544407139205132288
581255457022570497
500326873407455233
580357700791468032
553517080637489154
552842236883652609
500403838877462528
553461741917863936
553579914717577216
524978855531253760
524927281048080385
498277674692149248
553491540535156736
544480083982168064
580335510280892416
553502749498036224
524941132237910016
544428943080951808
544512514651066368
544351015936331777
500387844758994946
524942851944493056
499691224169590784
500293830827331584
524954586696933377
553206989925658624
553587672137334785
544398512931086336
544462912644214785
553552825431883776
500356642329071616
553484530804613120
576749539375235072
524975142641086465
553542282100871168
524953569762766848
580331527675998208
544448652886818816
499703128540061699
576551024929992705
553181899662049281
553538058440941568
524985092343889920
576480269835845632
552809418417790976
544400853298184194
524936137589411840
552981008518500353
580346824269103105
524925124303396864
535415869862473729
553591548613386241
524947971679744000
536826643122503680
499669445548449793
498300256678076417
500074069354905600
499698825020592129
581061237783556096
552800045096259584
498515980205948928
500284699760427009
581303989406314496
500070913836982272
544459137674125312
544331918506872832
552983300730404864
553582301003931648
529707148537004033
544436279442546688
552806056154644480
552800223496790018
544515174376701952
524979756371288064
524978999534317568
544391533240516608
529691342168141824
536841860049043457
552804668951511041
553585862987235328
553183099610095616
529721745486659584
499701576395919360
544474138287812608
580335545265627136
552830151650967552
500288693031419904
525007337724325889
544357563534680064
499588291335692288
525033697045925888
529660101683318785
544518696463765505
544403112656527360
499691593985957888
544447054034919424
524949828711620608
529734612998955008
544301900682629121
524980775741956097
500284871541940225
553110751238701058
498284429333524480
553582049282768897
576348679231033344
580332485030125568
544299273664593920
553144889811402752
552787599031828480
524979184297590784
544293694166536192
535942066694803456
544284823041212416
499704667195322368
544444148234076160
536836729190105089
544519140552507392
553506091389440000
552823984358977536
544314464569675776
553539778088816641
498320854707896321
544496648445890561
524948710812581888
553586246883475456
524951439417044992
552797828977029120
498301635756838912
553145736045801472
553466230989144064
498294815579467777
553516197283893248
524946461621235712
544517991086710784
580336326634962944
553500932521336832
576513463738109954
499357077429817344
544355417900716032
552844643097120768
553544694765215745
576468519598104577
524964948683005952
524936592159698944
552799317602615297
499467982943186944
544399927045283840
524925215235911680
524935758143324160
553462249562832897
499590929611640832
500070699768496128
499665704300191745
552834182905221121
499679986727411715
544293291785596928
580320995266936832
544350087020019712
524935769614331904
553124268196642816
544396587192311808
544516478821613569
553553173743677440
544273220128739329
544363471660277760
498466570675716096
576794571629166592
536824745459998720
576815428066009089
552978519328686080
552984940900384769
524941727753568257
544283374911627264
499612545909415938
529775890767437825
553540381187780609
553489393202499584
525006356731166720
552841684485414914
525016728091500545
581315281630318593
553489907524829184
553573166116012032
553226059836297216
499400566397607936
544306402731507712
499364002318020608
525071638464049152
552819649599897601
552821282447040513
580882701063979008
576770693683105792
529669184670941184
500422447623966721
535952893589725184
524963878904823808
544331022104395777
544514564407427072
500278944881725440
524974779540197376
580328535790907392
499689757652566016
500378522788315137
581258923065389056
553099800951136256
544329393737170944
553135106609922049
544520195659014145
553225402282692608
544336432609775618
500315237375954944
544410576894427136
524964278030172160
552799591255384065
553208762291339265
500314788610985984
500386978467414016
529676682622664704
553159290987364352
552793759210307584
552805735885991936
553553202197827584
529722176380076032
544271815044894720
525023858831523841
524941124893700096
525032458417610752
500402449501286400
580351758213447680
576477089043488769
525068387899031552
553228482927263744
581293286268129280
524979702940045313
544416582256967680
553511977478537216
524960245509287936
553530513580118016
524926301678096384
553149880693456896
544514645571420160
580883727624065024
553104721503088640
553140194606469121
500426667446513666
544436750097973250
529731332717678593
580324985148932097
524950584349454337
553222727700865025
553195808930410496
552832019940376576
553532507623546881
529773194027073537
553205372719472640
536842936667750402
553531802347122689
499397048878501888
524924346411020288
552982560146726912
525036240848945152
500320680810795009
529723420993683457
580321203757387776
553573432554979328
553108804934856704
576847727918739457
553548567420628992
544341406094213121
576497758862987265
553543144172969984
529654845838741504
552821069036670976
553196453938855937
525034332474601472
524943812339437569
544271743331078144
499704336935821314
553502180666531840
553175451506855936
529651454832037888
524943490887991296
553140461540343808
553542784800792577
500314545345552384
529736110667468800
553480702067736578
500311153583853570
580320563891019776
524992063553953792
552982263907241984
544336585052160001
500288581081260032
553145830761594880
552842755454799872
580330362070540288
552811438994378754
553203538579701760
580362323283615745
524955083297931264
500275363558064128
580883793709547521
544369574842347520
500363126294863876
521346721226711040
552982613288157184
580697361799876608
580330660537192448
553151804046082048
544379366474403840
544436330856329216
525072912957452289
553566829273423872
498283586425200640
576824525339402240
553534934447824896
576874788683005952
580399487740297216
552813420136128513
544301925735202816
552823108537954306
524973920722878464
544410895602839552
553192641328734208
580330560331091968
544278985249550337
535415010361487360
544317438079139841
544389911630340096
500250188221779968
544340091615715329
544356579098001408
500328451929559041
544475686740967424
553508524320653312
576321889276207105
580330441854435328
544302938374426624
544381029537312769
499575076468305923
500255282757632000
524923403183333376
524945684966166528
529726966178787328
544504859290906624
544503217107648513
499381321954000896
552839167575883776
500300813835988992
553566877956734976
553501773517033472
524946609453678593
576807652145160192
499696948296028160
553105121526427649
552791182670327808
544502782267752449
552807013764575232
524989654995849216
500231484725161984
580324338865430528
552791831390732289
524957554829717504
544365130138808321
576687226979004416
500375839498723328
553588053348843520
553096978788515840
580353449721655296
553206096131670016
552784600502915072
552817061203050496
500070716650565632
544519577733173248
498274948772024321
576833011955679232
544317609718865920
553552293371871233
498499836900278272
544429942323167233
553189840913989633
580320856905269248
576417507277467648
524987263835721728
525046232209956865
544356724871036928
553232531827740672
553104539898089472
525048557569454080
500295333486657536
499650640314777601
553194632520421376
552791196247269378
524935791794221057
553544039241224194
524985687704338432
553540934118694912
500391462073532416
553505242554175489
499448210789007360
580329153553141760
525058633730891776
580336528955691008
544369653015801856
552835109372825601
500355259341242370
552792988376915969
544515850963648512
544395712130449408
544468178961592321
552818685526933505
544499892010635264
524961589406216192
524989886483673088
544374569016885248
552819569103220736
580325486477357056
500364290545958912
499444325646757888
529660692832739328
553536236493615104
552814317096407040
552799062421164032
553567716414484481
553201965002653696
576382704700256256
499490314718310400
536832547062165504
544396816083468290
500347484154372097
580331913052852224
553127632947396609
524945665827545089
521375609206083584
499622667142844416
524925730053181440
552830599002857472
544515538383564801
552801115516186625
553128245420257280
498486850521423872
499362994862960640
544279945128591360
544306118273794048
529700827557285889
524949339131904000
580338165824667649
552846811359350788
580327418084364288
580329937573302272
524975642379816960
553181586829484034
553518024272379905
529715547538485248
544519486167330817
553160652567498752
544377700677615616
498262106937237504
553476600985948160
544419162001383424
580342401392312321
524926184069808129
581261457725210624
552800290861510656
553553112456499200
525040509937795072
553126953268834304
544484918567239681
499408845127819265
524964166936068097
524944537618485248
498311895716470784
529674474019651584
544517624114081793
552982635178635265
552839843999645697
553546063752478722
552795693682032640
576453994484252673
580348878370828288
552787544837197824
552785367972450304
553170912129056770
544436172999495680
544407393451646976
524974566830247936
552789443644751872
544348695076954114
544332519861022720
544434964985421824
544304200423723008
553491924015783936
524949021744713728
553539373707186176
544309177859203073
553541197491634176
544395106426425345
552978099357237248
499674159916789760
536827886926565376
576842803013091329
544291853227786240
553589330846183425
544379143136497664
553496489641902080
552827349667176448
529734972249505795
524934004152082432
500398504075071488
544365039663083521
544350712365207552
553172609211596800
552812984343330816
525071809226346496
544357487911395329
529628988683976704
524991119164473344
553178341596233728
544508313220567041
499648712596271107
500369097360953345
553535765997969408
536845577938432000
544484515742482432
544340812448804864
536824746298843136
553141732452626432
544327278469988352
524965723672961024
553196035133440000
524987432656453632
580882341880446977
500384777514799104
500175929902395392
552837268160135169
553591317478264832
580336782782382081
544291965513134080
500299227969646592
524955159840182272
524953508978909185
535438499432771584
500274697485824000
553229177055219713
553509146730176513
576794158108581888
552834229722038273
552790074166108160
544293753130082305
544279950929321984
536839580419231745
552825236715208707
552981694979248128
544334939374641152
499439571520991232
544366036498542592
529681320965079041
499530130487017472
524975552638504960
576499275754041344
499362480179912705
529706188032999425
524974135030874114
576249853979807745
524934090542182400
544293177596067840
544386515171020801
553186670871597056
576860610400501760
552804328319504384
521350916872876033
577287176288776192
553572111441465344
576530892119793664
529745609969131522
576850639600357376
553221281181859841
553124985900785666
544506443626741762
576507292415320064
498300897051807744
553183067670843392
553197197618339841
529670383629520896
553583867664535552
524938433262006272
553479280014151681
552980261512949760
552783667052167168
544462330105712640
524950428598153216
524959715957424128
553578566563426305
544293783702364162
553517380995792896
577309214663684097
576357849204412416
544444539092488192
553586978017775616
552793539856588801
581460720900050945
576755174531862529
544406832073416704
544443266926931968
500359356589019136
552815274848964608
553590463354380288
500072334578159616
500408184562257920
500322285916401664
544425492971941888
525019469983531008
576465693798957058
499406854615597056
552783238415265792
499424290748780546
524950899899113473
552793409438904321
553156573607251968
499541439962185729
544371668131393537
552826270866616320
552787914271510529
536826824219959296
525026715123601408
544517264725516288
544478071340806146
499615655906533376
544303499756855297
544368246271406080
529727813239451649
552850079074099201
553581897792913408
524954161054756864
544511489869373440
553511279235964928
552817783910961152
544332613532811264
524993172271665153
544477404342018048
544288661253398528
529695299200360448
581437061363675136
499703794805276672
552784168849907712
580361142666563584
544401577113845760
499360762167848960
525049831312875521
553187282295877632
580350166005248000
580337831253581824
500409565473943553
535439290667241472
524932327907270656
544467919003213824
500162426998755330
544328059482939392
552797170295144449
552798640679702528
552838171323817984
580323946899214336
544509519179816960
580332451353985025
544455530756841474
544298663061643264
552836975741632514
552816010752167936
529654489356070912
544511112654618624
580320893668364288
552805209424941058
544465040666288129
544332847050670080
529671725865111552
553567076728963073
544330174351679489
580328617713897472
524986820850106370
553117857609809920
500315984910372864
553477692591726592
500319801344929795
552808620187217920
580347364562587649
576769677592039424
552802606696136705
500350777844457473
553560769246539776
553102828743716864
500251242124173312
553196953480495105
544444189078208512
524939821815721984
524960814944747520
544326782334558208
553184643055644674
544307417677189121
552815712327454720
524922729485848576
498602841335169024
499568802267672576
576389199202496512
552829306439598080
535425236871544832
524967631171117056
498473263862149120
553535829017370625
544281589749137408
580706841769820160
500290464621559808
500257166478282752
498541831052083201
524951279760867328
525049639016615937
524944399890124801
552980632432050177
544487556700598272
552847488571678720
524946921547628545
544377463581581314
553230256992423936
500308574703452160
544404937380093952
524949026064850944
552979571021447168
580334199187644416
553229592480481281
552807071054184448
544297696308518912
525048410831736832
499439550029381632
553480900869361664
525050632211021825
553214783647145984
544268732046913536
499435341259223040
553132534771744768
500308705083400193
524957773810135040
553479401296625664
553144964168036352
500382270340214784
524974106308251648
580319856496644096
552829031075553281
553479222434729984
525021103559696384
552786116404072448
544470398881259520
499643185581142016
580320329203093504
499456140044824576
498265555833720832
500296090671796224
499360134779637761
499604750888083456
553214612569456640
552978030935941120
500283013541163008
553139825008599041
552984502063337472
553098571323437056
552816933851394048
553493785523400704
581318271321931776
552817918220984320
544415425140776961
529446466541326336
544381860214603776
580330454869512192
552821862850637825
500292426154528770
580328297462140928
552787321561812992
553530667821457408
499704241741520897
552829386773516290
552831761957523456
524935216134369281
524945585539776512
500308076004929537
524943886553468929
544351832483450880
553496228055777280
524938137320312832
552814280471367680
536834351246225408
524958498770395137
544309006500888576
544480936960606210
524952995034042368
500197999205965824
580340423044018176
544516739178827776
544290780991725568
524981436252950528
576833878981136384
499481575059619840
552813461953323008
544269749405097984
553531130163773440
580371776619839488
544433739539812353
500315532382707712
524954241547632640
553136845589319680
544330052796559360
544313132865159169
544519298015039489
499553513471741954
500309222635360256
499696137708658688
544511199702822913
553200769671761920
524952407625957376
500277940253634561
544266241511133186
552839936521830401
552816288612225024
544421653128556544
581254429996920832
500361302238564352
500247508195749888
500365332351971328
552830966411321344
544379738240720896
525002842021445632
536824581341073408
544516079129993216
525070461936222208
552845191003250688
544457324211879937
544486142763347969
553152400832606208
553512076304728064
498286202077085696
499695028407922689
544280077778055168
499702153909256193
500237448798949376
544352649978843136
525059810312847360
553214597055135744
500332042648055808
499362269269336064
544278202743402496
544464812621578243
553471987411324929
544463201875025921
499652628825899009
553113395487330304
553195852643442688
525025806079504385
499705915227271168
