552794995942772736
525033443076628480
544419416578850818
498276304635322368
524937968138878976
553152831050362882
544518128798294016
581063906682114048
552813590919778304
553474232596701184
580325486477357056
553537460920389633
525048987649576960
500186504279625728
552801438821515264
524947744809418752
552837655105658880
524952808110694400
525036457732231169
544429350376861696
498480344992350209
544427255439425536
500294349872062464
544520795511611392
499345384024842240
499691224169590784
552804394727927808
500291013521334272
553531343834202112
499705042178691072
524965026256662528
524934004152082432
553225809444749313
552978476605923328
525017500061536258
553581897792913408
544478071340806146
552843174218321921
552818988468944897
499445575956578304
553228482927263744
552980714610634753
552811408094945280
544387390752567297
580353737769820160
524940623594287104
524936881348558849
553135991083769856
553588374280601600
580322927679279105
553228537084116993
553529796601585664
498314939359301632
553523303453696001
553144712920834048
553129117215100928
544455370476109824
544283772569788416
552845028130037760
580339825649291264
552832996676730881
499674825753772033
553232704708546561
500416861016580096
544509519179816960
553197863971610624
524949021744713728
500286805720449025
499583349267382273
544453251068743681
500319233558192128
544360851646709760
553181997041217537
524962142563610625
525033778637721600
553479401296625664
524950321064607744
499471162058231808
553583867664535552
524994218964815873
553483415954411520
500234390723915776
500368969854103552
553227258782306304
524983599851130880
580319116302647297
553538483474534400
553474965278691330
553152208691539968
552826724774592512
544294274674593792
552802606696136705
553151700950065152
524959809402331137
552808487924011008
552795953301045248
553155988917075968
524987990524047361
553493510306152448
553589869810028544
499571347375136768
544470979842281472
552822330141851649
544280923923959808
500367591773179904
499622667142844416
552840037642297345
552786340958715904
544443154964152320
544414686935285760
524955062486196224
544456216907636736
544273888725577729
525026973459165184
499694783691239424
552797828977029120
553589372084162560
552845393541988352
524950679274942464
552847627319259137
553491604917334016
553552825431883776
552815682241691648
544301296099270656
552840964025626624
553483707122995201
552844104418091008
544290967369428992
498345343629541376
553200726403710976
553215634864345088
544506678922977280
580336069192843264
544462911729455104
553547836517007360
500264892134207493
544300945820352512
553203538579701760
525025279803424768
524937204552843268
544519486167330817
552800045096259584
544300361360498688
553163210715844608
553501357156876290
553184482241814530
498560433021026304
525036180379676673
544514645571420160
580326871302316033
553506608203169792
553214612569456640
580327625626927104
553152395371630592
544391790615605249
553184390260338688
524940940721418240
500283291493494784
525007337724325889
524942952733220865
552790598823186432
525033278555033601
500355259341242370
524938282732642305
552851710880653312
544332847050670080
524964948683005952
553570681619640320
499611069565112320
499665704300191745
500277472068263937
552985611070881792
580318020192571392
544280929154637825
553101858013581313
552984798671945728
544376732649013248
499584618165567488
553535227214438400
553583670343524352
544316046379716608
544282227035869184
553479222434729984
553123329561743361
553174639158231041
544416582256967680
580326398620934144
524941529928839168
553487356733313024
552836913091330051
524956372199555072
524927356830760961
553572111441465344
524992063553953792
552842762505428992
553591736598269952
499698357397237762
553558108866637824
524924619812511746
544469470568148992
500375839498723328
544293069957259264
524935246647926784
553113536625664000
552831881847533568
500072155166814209
499704570134941697
524979756371288064
553210080829906945
525049831312875521
544297950134816768
544301925735202816
553104721503088640
500361847070269441
544465040666288129
553124783043649537
553532736187924480
499386726414954496
544377326122057728
580325714567806976
552827553493565441
499615655906533376
500413012822745090
544515489016594432
544275597464444929
580882417117958144
552784898743099392
544356997718900736
500296692713783298
499406086945136640
544465934149513216
544301786849640448
524968330172850177
498455001463664640
544334394912014336
544307417677189121
524949526487265280
552805596198871040
553469263650906112
553551148280729602
524983403775799297
553583847850663936
552798654495354880
524928878075457536
544519140552507392
553108242856177664
498586725502173184
525050632211021825
544317301064208384
544502782267752449
553193210269298688
581247332282306561
524986649315667968
544373513407062016
524956294395224064
525016728091500545
553587511839444994
498253149707464704
544444261027299328
552797058990870528
499453886474637312
500359223557890048
552986374765563904
553555593034596352
499404849835175938
553174536028303360
544285213891629056
553586305272389632
544362543997665280
500336040440516608
499703156889362432
553162589744926720
581262528107384832
552802128688078848
552809336360419329
552828308744699904
524957974226550784
581066887200694272
553214700155330560
499648409767538688
553123958602862593
553099050409807872
552798010196107264
552815443959091200
552834182905221121
498294775649665024
544447757860483072
544287796719288321
500393530960121857
580329875891974145
524974786460778497
524958173245870080
552822314157768704
553573432554979328
544351832483450880
581280784155353088
525069752566575104
552802117908697088
553491540535156736
544327278469988352
544298346345947136
553209232712294401
525058825909731328
552813420136128513
553590746637668352
553553813542797312
580324721381740544
544467299218886656
553163722378977282
544510219401703425
544514127197388801
525026715123601408
524943638812299265
500160181184249856
544380742076088320
544469768745398272
552811606640721921
524954630279925760
544379366474403840
552820736490889216
544398512931086336
552814280471367680
580319184652890113
500278944881725440
581252958446329857
552811772038881280
553584292090359808
544316384273248256
552808138127446016
498530946338258944
544348632980676608
553589345186111488
524980166289002496
525037540508594176
498268463639851008
553551435762503681
544291829290508289
544495240640757760
544302827330224128
524976526891417600
499699052389208065
544470843997564928
552799606833430528
524923148576518144
553124985900785666
498301635756838912
500315984910372864
498250100079341568
524998881676107776
499362348940144640
553548440563908611
544462918465503233
525052332116312064
553589419933196288
524951711941922818
553586538928676864
553205115830951936
524942353355005952
544301624814870530
552822944603582464
524927789892653056
544269221564137472
500386619564650496
553153731471364096
524933534692442112
524944569528750080
544450560460480512
498310720350863362
499435341259223040
524957752138149888
525000349648949250
524958383468978176
525008469385302017
524929014621032451
553204399439642624
525028171549523971
580351083383517185
552804763461775360
552805450350362625
553542245966958592
500358655834062848
544518036255150080
581409613913804800
544516381031792642
524956415589621760
580331527675998208
553537870431268864
500364705622671360
552984916070531072
553587920398221313
500183912384319489
553519375521951744
500258409988763649
553496489641902080
580318938996740096
553120696910364673
552842642216988672
525055052801515521
552841049467400192
553588106587545600
500308708988301312
524961721744900097
553509181446443008
553210869010935808
499637476315910146
544511199702822913
544307040932601857
525031823504850944
553526776878469121
498293625420148736
553143415899451393
580319206400475136
553541776854634496
500289154581008384
580371845997682688
499695918547861504
524987851046658048
580363156721131521
500375440285237248
553553331671408641
553205427253829632
553467311261503488
525045145079533568
544319395619958784
500369097360953345
552846565950627840
500292202845982720
580325458870460416
524994747883323392
544444021066563584
553484780093050880
544426670095368192
553591317478264832
499497872564703233
553200047417196544
544509086998749186
553518472798683136
553131566172737536
525045709402148864
553592040374947840
580332312354693120
499705269434085376
553543369604210689
544407139205132288
524941132237910016
524961561677680640
544499780479893504
552810855503757313
552784882687299584
553526283033133056
524981689781870593
553207216774590464
553590751888961536
553579914717577216
552825739075022848
500369479482630145
580327924978569216
524935791794221057
552808071387701248
498616975850225664
553519997956669440
552828811344359425
544372701285351424
552821287933202435
499706791396392960
544389259491172353
553535829529100288
544287252306997249
544279603259248640
553550448154910720
499366977497214976
552785695845396480
552841157785694208
544338676835041280
499657584836874240
544282449388519424
544319832486064128
524953767402553345
524996383120818176
552827966950866945
580319856496644096
524943132409212928
553501469388058626
500277854341697536
525029913230053377
553184082277187585
553143987377561600
544310691600302080
553126517027262465
524926528342487041
580327336505176064
552836100814032896
499702088512049152
553126072905383936
580337178506584064
544362279006113792
544296007589433344
544492919567417344
500250188221779968
580330161725255681
552805267990413312
552817151112142848
498433651835940865
552982613288157184
544317438079139841
581387966125248512
552813155572006912
553137713163943936
524987432656453632
524945676443340800
500279189405433858
499703651079045121
544396563116589056
580334729678966784
553583809602801665
524956168754843648
544410576894427136
544487556700598272
553576849943826432
544296096244441089
553184958958022657
500360095738626049
500397785246466048
553157352091025408
553553202197827584
544519166582337536
544354418938740736
544290646010261504
544387967037763584
544305540286148609
553225359928213505
553590946970206208
553017543330648064
553201539737976833
544425492971941888
544519024156360704
524931913426157568
553582465734832128
499554114024771584
581437061363675136
553540719714271233
552821437678223361
552849157694947328
552849968546213888
544517264054423552
500260514807947264
544287991959539713
544363757493702656
500306837103968257
525038296921960449
544403526773125120
524943114885427203
525041091507388416
544299916252573698
498487999848800256
544496262629036032
500298091627823104
552833658017824768
544463201875025921
552819649599897601
544510784366080000
500277563072475136
524931324763992064
544335202923737089
553099479381848064
499690032601772032
553175550231986177
524949243883425793
580882674413375488
552792253601947648
552826060455550976
552812040926941185
553143519536500738
544329935943237632
544290995462889472
580885624883904512
524964223185850368
499679142766735362
524944610985263104
553117623568068608
500347920210989057
544512064694546432
553125301090525185
544515517546254338
544278202743402496
553146691344695297
524925223226081282
552831420197261314
500343812863311872
498269365175721984
580323456996282369
544443377643954176
524934897367285760
553553724548059137
553490238979727360
524950584349454337
498341675476217856
500364250461003777
524932056560963584
580321327845765120
525056576038518785
544329251487756288
500210207986028544
525065430713790465
524955170200121344
552837027616804864
553569060882235392
552835209285337089
553224764924243969
544314020539289600
552850282410176512
544286172109758464
524948520605069312
500237448798949376
580353449721655296
525023858831523841
498275621651636224
500277311652913152
525012738280792065
553544266526760960
500177556768034816
553218001181605889
544396587192311808
525023642007371776
544347292493705216
553539252374757376
580350166005248000
553538523266318336
553183420499894272
500307001629745152
552821810572439553
499697652385464320
552816561514635264
580321350750990336
524957517294886912
499691556652449792
580348878370828288
553471987411324929
500375545918803970
553202028575731713
552829734502297600
544513292576641025
500213598149672960
544331918506872832
553540824768991233
553205261847236608
524964129745174528
525034687245582337
498512590260023296
500339209715335169
544401106617786370
552829011983089664
499663992697417728
552831524002103297
552828573896413185
544296985910861824
552838559393013760
552851546384646145
580327960638521344
544288135564107776
524981427260366848
524940452383170560
552825083941879808
552824320389435392
500336373833170945
544520615441756162
544280617160949760
544515665319976960
524947475858472960
544419162001383424
500292917957648384
524951696376487936
552984527295873024
552978099357237248
544389770009276416
553218599390040065
544423787949600768
500353295903637504
500180625312083968
544305463048015872
524979881525137409
544291804057960448
525019265888702464
553584173420920833
498510381774819330
524929550493712384
553165824979386368
500365170796158976
524951456362012672
500284494201757696
553591653647138816
525009541671702528
499364002318020608
544302821450207233
524925215235911680
552784600502915072
553210306877739008
580327576218046464
553162815402672128
499387985096237056
580882701063979008
524976486902951936
553502446769942528
500285919539511296
500313811195158528
524926643325132800
553546029212389376
544391063742332928
544293770926120960
544494652418949120
544428943080951808
552848426812313600
552844643097120768
544486187478433793
552836516775354368
500280304146612224
544374422056882176
524987184836005889
499698828845780993
544515538383564801
499579650926858240
500382437655207936
552822465047437314
544463189447294976
544350712365207552
553119235904643072
524937597206790144
544309956250320897
552801894092275712
552851629624803328
552792271243210754
580337418550775808
499696948296028160
581287562947395584
553180071775993857
544337816298070017
499611719090450432
553579224402235393
499652628825899009
544369574842347520
525025695425380352
553157857215262721
580331000573476865
553111820786204672
500303864495882240
553562569169199104
498277674692149248
552800222553079809
553186555150749696
500291116403789824
553544419602104320
552804491821854720
500426667446513666
552791831390732289
498313143530303488
544309006500888576
544389986809036800
544411561205301248
544497191155290112
580319999887347712
553229177055219713
552787321561812992
500324234821124096
552834558706847745
498524570593140736
553550030553243650
552794514424102913
553227288859664384
544489340584222720
525040492388823041
544393504768925697
500359323588239360
544514474963922944
552834411553886209
524932327907270656
544518707825750016
544373839548145664
553582801833185280
580351604831846400
524976857822011394
500301494340419585
552785443813457921
544275138712469504
544428008258297856
500372391407931392
499692589143298049
552834461478715392
553531413459660800
552814916567322624
525023057526947840
552824705703763969
544483282352889857
581404604677660673
553183067670843392
544345939054710785
580328198564651008
553228535511650305
552834961762709505
544358564484378624
500408184562257920
499361252691681281
500176354185187328
544400775775289344
544480936960606210
500358977046474754
500316005089181697
553492417023057920
553591758899412993
552846353416867841
553493785523400704
552981889619722241
580340423044018176
499613731312005121
553573166116012032
525069912679923712
500360978387976192
524984505376182272
552996335319007233
500283314230419456
553104539898089472
500280847912955904
525005137405018112
499362441697193985
552980862774808577
500296988077076480
544451181754744832
544351969658564608
500396027342376960
544517624114081793
544316814856306688
553466230989144064
580339510883561472
544495737770618880
499345604297121792
544393889113600000
544298663061643264
524937635698327553
553208300607922177
553137601457426433
525036240848945152
544389493273276416
524944537618485248
524937542131793920
552833942777511937
552847548776742914
524944544681705472
525044725926330368
553476880339599360
544307028815253504
544420067774316544
524967298604359684
544490782183657474
498483031842500608
498285782512050176
544293261506928640
581302297579425793
552813549291315200
580364973664309248
500231484725161984
553542784800792577
524994965366382593
552826150141960192
524979668282519552
552784526955806720
553489837542899712
524978912145985536
553188225691684864
553215313807163392
552838287929663489
525024181218725888
552834445301256192
544273459199893505
544470708093747202
544317609718865920
524936872666353664
553474188259102720
500287479015292928
524971165056782337
552825844755083265
500239327004471296
552843136238899200
524949884143927296
500324836355608576
553517080637489154
580336782782382081
499377813758443520
500224586064343040
500354471525109760
525039242771464193
544408496918499329
524967572689522688
553490358748061696
553542208214036480
500288263320768512
544294618758520832
544472530921480192
544457877688430593
499700279412281345
581479017770979329
553586275438301184
524985689905967105
499361662743220224
524945197705461763
499673142114013186
499361679197884416
552956517197303810
544406288231174144
524995375468249088
544466920880492544
553188382403477505
525063393309630464
499608179362521088
500327581514993665
544393165101613056
544363391641341952
544309096351268864
552824769754976257
499403422278619136
544478708741201920
544508725420380160
553480333954678784
580330721719508992
500302577557573632
552822043490938881
524945585539776512
544428082749132800
544403564077260800
552794157484634112
552793759210307584
553464709899616257
552792802309181440
498272309535191041
524949026064850944
552978376424964097
544300256981430272
500278169828470784
552828400843620353
544309943533600769
524951419175309312
499612545909415938
524932292406681601
544382892378714113
499430225043009537
544439521236893696
544304742743044096
544517264725516288
500335761615355906
500286058664579072
525053517531062272
498349598197702656
544511434840113152
524996756220956672
524954661703680000
524923293711998976
553160909208559616
553572740125712385
580328132932022272
552797154692300800
498286918011224065
581248346309922816
552786099899494400
500325220193153024
553233414145310720
498463733447163905
544300674448887809
553173654121742336
553533499643547648
553543467427577858
544420376424353792
544518088117329920
544353793270243328
552834559297867778
552805175874686977
499701114195808257
553235271169638400
544271743331078144
553559793940447234
552808776492130304
525040509937795072
544274757689307136
553590961486696448
544323450270392322
499702206455488513
552826270866616320
498585089828478977
525055879545380864
580332990867349504
553575984054951936
552802011733716992
552789583260577792
499519101644308480
581325025569030145
524939821815721984
544517440332627968
553111553235361792
544407393451646976
580320267777511425
553164185006534656
525030331775463424
552847230693310466
499595283504701440
553581501422788608
580320745974288384
553586246883475456
524932792925569024
499674159916789760
553218279557582849
544396816083468290
552808669646036992
500272399867068416
552817490263572480
498506343368519680
580359057825009664
580330064384028673
553169114102247424
553514329166061568
544369653015801856
552836204283326465
544286724831318017
552800070199148544
498477164380299264
552837527640363010
553495922639122432
553102828743716864
552850611524599808
553511977478537216
544329896529760256
500070913836982272
524969415318982657
553138598980370433
544493466836017154
500362679039840257
544494408515608576
553518024272379905
544282714237448192
553201965002653696
544308188909027328
524923610851729408
544337761600557056
553212333867012096
553117857609809920
498512372584415232
553478014785187840
553506946054369280
552783667052167168
553532452472238080
544337689676636161
553148844574511104
524935816603107328
544505447911149569
552807598966059008
553216909022605312
552839800433410049
552817785949396992
580333946271113216
552850379453366272
499439571520991232
524969878823137280
552978586559188992
552796091255894016
553218083410952192
552982908865368064
553585447235223552
544411097797644288
544278335455776769
580368137796743168
553219195056693249
544350985142173697
544351967829839873
580882341880446977
524974518960652290
553231607449276416
499369948943495168
524941318389501953
499704241741520897
500355828227252225
500069586063335424
525015193425031168
553127546129117184
553563356339384322
544403765575839744
580347364562587649
552810166744547328
500383514567925760
553167429665587200
499567797064957952
544312732443348995
544366723067957249
581260171688718336
544419029905985536
498483279943962625
552985912901001218
544340578528272385
553187990953295872
544406832073416704
580365989780520960
544372222400671744
552804301316579330
552840728116994049
553572754746638337
544346361101963265
544366824997912576
552835109372825601
553539504146231298
553473559352606720
544286833362747392
553536358950916096
553160244847984640
544494058287423489
525005886272843776
498248648699150336
544420375224791040
500378338582884352
581296960830881792
553129811850559488
553556844665659392
553184451774402560
544514538797035520
498300897051807744
500344846612447233
552806462125506560
553226143307161600
553493300242432000
500251242124173312
544281235271745537
553195852643442688
552812399997489152
552978030935941120
500360596995731456
525045203648790528
553172543470043136
580321372703985664
524964630221705216
524965165759221760
500255282757632000
524938288277118976
580347361039413248
544297247567917056
553480287045554176
544521141335764992
524940659778920448
544280650455728129
525027116287811584
553214783647145984
499365436816105473
544299029601861632
552821659103940608
499691501136650240
544520195659014145
524975552638504960
498274692873351170
553181500104269824
498603999252467713
544374018661687296
553100922268942336
553126492579053568
544375969687953410
544285296565948416
580333906597167104
580346858846822400
553227389061582848
500385585807499266
544424408027115520
500335927248429056
553147341470203906
525030165190303744
500315609171636225
500278978557804544
524932558275235840
524983828000276480
553583108105441281
500286059918274561
499441454498852864
553537740588220416
544514988078280704
581274572823130112
544510402454110208
544511693204647936
524943804051496961
498280126254428160
580342401392312321
544295667112230912
553582011324329984
553490160344502273
500402804910206976
553553173743677440
553591049541914624
553215658784456705
544403913076924417
500393152444772352
553544039241224194
552838203276021760
500212911856295940
524995620088864768
544312876245057536
524975847846203393
580359081296293888
552813011803836416
544467710923395073
544398776236904448
499478732315566080
553546063752478722
552822544341139458
580319651399385088
553576648973377537
553549686129561600
544284599996526592
500362044324208640
580323165068509184
580344006682505216
544490976253726720
552817293969739778
524935731148775424
552838105422913538
499691702660374528
524963649455407105
525032458417610752
498489114384420865
525066628359127041
544432946841538560
580337826279124992
553567732126736385
553538939076624384
544521880661950464
544367862211952641
525047104239333377
500358526804316160
553558982476828674
524956518404198400
580323815261016064
580322026029654018
553170912129056770
553182566564757504
500296369224310784
500363740311982081
500399181627162624
544296671950020609
524954161054756864
544268186292867072
580337327677026304
552833236389199874
552806117328568321
498321666267561985
553484619426062336
553142344166301696
553530524183326720
500176026882678784
553169577228926976
553573633395015680
552805050620604418
500352850329751552
498500813845966848
553117500410716160
500315536937324544
499606771246567424
544285194815942657
500274132756738048
580327626419482624
553229956830875650
524972166006464512
544415156659175424
553200552142983168
580358227713458176
500296090671796224
553127899033640960
552815274848964608
500363126294863876
498283038338711552
498498431271190528
552814494381256704
524943812339437569
524964989975937024
552804784819154944
544495167836016640
524949887591653376
498269697453084672
499361017038905344
580323946899214336
544409432600223744
499564237552115712
544389911630340096
499530401136668672
544387886611570688
544356579098001408
553537235463979008
552824126659104771
553175336926449664
500277481119956992
553591303582523392
553218281705066496
553186739326812161
581256046448111616
544518044643770368
498254340310966273
544402012570284032
544349773676179456
498273703428620289
552825753264717824
544516142983684097
544351486956670976
524961513006964736
544409532324413440
544459882075017216
580883864521818112
498259903962570752
544300369765859328
580699825030754304
544391471458451456
544350567183556608
553578566563426305
525038517844709376
544380980677857280
544308156625481728
544399927045283840
553575232867672064
581063816882065408
552792518870708224
553489907524829184
544284823041212416
544309177859203073
553207514222063618
499388619425980416
580336204186521600
524945665827545089
552848726197559296
581259253429702656
524945684966166528
553580959661309952
544483913830531073
544497307933474816
524952995034042368
498290802255466498
581315281630318593
544292342430449664
553140461540343808
552798891994009601
552981694979248128
553589720480235522
544274364288364544
553144928721973248
544511489869373440
544408293192368128
580364889736232960
544297827258888192
552810287695659009
544504859290906624
500225210667122690
524980579956449281
544420432099545089
525019992337551360
524956129017995264
553520399300833280
544514207933542401
553231667523883009
544519577733173248
552824462958395392
552833432540430337
553521697350234112
544376469279875072
544504954334224384
500419556629041152
552809902956367872
552785551930454016
499514668814467072
500369693203378176
524950507023245313
525037656820826112
552851189675470849
553147034707165185
544461231549992962
500347484154372097
552786818853113857
553536269972942849
553502311872733184
553116149333114880
552830862585503746
580329747416113152
553157114156560385
524948618776944640
525035832336736257
553174353735872512
553144889811402752
525030696738652160
544521260840267776
525069509342683137
544491160803106816
499626055251271682
500072098178813954
580331132878618624
524975142641086465
524947030616313856
580338392782757888
544447054034919424
552804962158514176
524936075870228480
525072912957452289
544515584931528704
544352874969698305
552801954733490176
524944637489086464
552804408233193473
580330078682353665
553589051044151296
580361142666563584
553114307383541761
499695028407922689
553537380209401856
553208762291339265
553223681409703937
499602370917978112
499698964925796352
580331981130498048
524937574281121793
525010245811466240
552842580929826816
500319675797209088
499635247311781889
498340530770939904
524953017389707264
500405877460193280
498303288295817217
524973444946202624
580347068457308160
552791182670327808
552823829333291010
552837016350912512
544496062321664001
553541988490825728
552808701065953280
552827819521085441
544444409769512960
544316576645017600
500278045597368320
524980483479076864
544274879055675392
500359125310922753
544367253857525761
500282606316158976
553588913747808256
499612195756728320
544336432609775618
544449039433883650
580324985148932097
500294803402137600
553143017922912256
553503546382249984
552811386259386370
552819474320359425
498532911143206913
553195969282867202
553109813807575040
499684402616864768
553229948153262081
553174789561389056
552851772658561028
553199320053592067
553148970651107329
552816020403269632
552839975843016706
553229592480481281
544268732046913536
580353697865187328
500311153583853570
544337283801829376
500285732578013185
499701669437784064
552833681111658496
552991544731774976
524954105471840256
580368417556992000
500278858156085248
552801028262096896
581411131547320321
553112060788473856
552847959864274944
500295393301647360
544410895602839552
525001708318240768
499527157023277056
500381163866062848
499700861900435456
499699366660423680
500270780832174080
544476808566276097
553193480319942656
524950159160250368
524959027516932096
500362083221786625
552823984358977536
553590750701551616
553230256992423936
500356642329071616
553493707472011264
552834501383290880
580328848774045696
544396078125039617
525000220371734528
524966946467749888
544355845489065984
581325197661376512
524950264303075328
498473263862149120
553155430055440384
544308749725626368
553586959596396544
500277526590423041
552790824971677696
500386978467414016
524955557686284288
552807904597008385
524936137589411840
552825303341740032
499596695705894912
544293739221368832
524951314556796929
544511300630753280
544482664515121153
552817367995002880
544357264333615104
524937594090844160
552849662991151104
552789550238801920
500404509592387585
524977321430630400
525067500447612929
544378232624410624
553145759961714688
553537939041701888
524978526974668800
552835288725061635
525024518713397249
553149347777753088
498255721260400640
552818368487911425
553585862987235328
580320563891019776
500360094924931073
552806937470201856
552822739388882944
552834033600966657
553586860334010368
544459137674125312
500299227969646592
553497835371757568
524940077978640384
552798200990806016
553529196216344576
553222038379180032
580350698774241280
581246782765719552
544392801836728321
553591084409184256
500287815734013952
544353303468199936
552840606074953728
524929497205055488
544302448522035202
544494787168972800
544391323214573568
544320939245043712
553132819237462016
552795566242279424
544292129972170752
553538456207777792
544309893969092608
525058633730891776
544350565283532800
552842042242789377
553505858811080704
500284699546517505
552837499937378305
524993172271665153
524957978806743040
499679986727411715
552840805678084096
553533607126388737
552822696200142850
553106869615472640
544518445870497793
544432661419155456
553127086706397185
544301449845305344
525018717038854144
544410900854091776
553532980871053312
499620598994444288
524930594950479873
524957925157384192
553590072373968897
544492984880754688
499553426133753857
499362994862960640
525029954908860417
552981531023921153
544411992279093248
553558611306090496
544407300329709568
544287165912735744
553099685888790528
552834623944671232
544520379176599552
500367267901632512
524970488590651395
580336554406711297
499635302764662784
552985297307598848
524975705206304769
499592320900431872
499563566786433024
500074069354905600
553231516290269184
552790695036321793
553493222052605952
544446973667860480
552816600995614721
500270284117925888
499689349420568577
498278882244853760
544285245600989184
498320854707896321
499581876668227584
498296205777326080
524923480173981696
544443739800731648
525052223030845440
552850533523136513
500071770192216065
553515399438811136
544365039663083521
544439832466817024
524969144832491520
553546551709409280
525034457086959616
553497730476015617
544383383095508992
499432169836531712
499366152049803264
553587013409325058
500283831803326464
498274934553317376
553590529548886016
544284577318318080
500370960093302784
524947716393414656
552804198161854464
524950117192044544
524990180034609152
525040097272819712
552799100715167744
580343941825953792
500345408150065153
580331677899202560
552823949311369216
553105121526427649
544513199375384576
544334939374641152
552837907174948864
525040408653754368
524961659685588995
499540195734065152
544489539348471808
525041601890881536
553539778088816641
544295960449265664
544316500002484226
544285712653500419
581295858898989056
552788886355996672
544464445787750401
552796895513681920
498264393185239040
552831107985858560
544328673097039873
500263680026869760
524961070465945600
524982066564567040
544451052679204864
580347051927597056
500270456830562305
524985046198157313
524960814944747520
552813988644659200
552799317602615297
544296465619619840
553557753558757376
500382073593405442
553588494661337089
553526191399776257
553132534771744768
553582812964876288
524973223356940288
544385535909715968
553209983845023745
498292602861400064
500234112054341632
500368579875704832
525018799347875841
552836775191019520
524983581983375360
553203041705664513
500361302238564352
553171989385728000
552829306439598080
498292628455034882
500280809652514816
544520042810200064
544288302254137345
553161401733496832
525071809226346496
544427042616254465
544286688436969472
525051365195014144
553195806899970048
552848701312737280
553481076916883456
499501246907432960
544317139323473920
525026066944262144
553169307824177152
552839103214288896
544459886365376515
552833148128862208
500279571988877312
553585840270876672
500301418406744064
499699270883110913
524941720249978880
525015836226895875
552817061203050496
524982531075371008
544317494379294721
553505242554175489
544520990538358784
524935943925796866
524979184297590784
552794286849536001
553103832717094912
553145422097969152
552812682626465792
500405384503238656
553502749498036224
499381843955707904
524952341561491459
524983325275197440
525033697045925888
544400801083686912
552982816045408256
553575450329378816
524965786059026432
524926472432410625
552801667855695873
499412821671968769
500385868041842688
552851433247477760
544326461952241664
553591494255210497
544354175900196864
524979279701241856
552822841541144577
553587542067773440
552823301899575296
500411513727750148
553151201253294080
500413489882484736
544390550497947649
552810032765497345
544429185255481344
580340024736116736
544284483453595648
500163501961142275
552827123963281408
498271531386953728
498284334806495233
498302603034640384
524979548195024898
552980288394231809
544316684736028673
544373504419069952
553559095798931456
553181386069143552
544497405237161984
544349042952916993
553475824369012736
553477352542707712
553541834975498240
553215362058440704
553538939454509056
553227441712668672
552817345887207425
580329219646988289
544301589931241472
544508543152304128
544415318345396224
544381860214603776
500382270340214784
499667482354143232
499412661176926209
524955871689052160
499590048313262080
553172609211596800
524936365427806208
524964278030172160
544409517224898560
524987107081977856
553156988356820992
524929106987991040
553206989925658624
524966582544781313
499363323335680000
580346142183002113
553587303172833280
499362480179912705
544309113694740480
552835221859483649
524979702940045313
553121522769219584
544272134764122112
499579905508917248
580380219921580032
544350087020019712
499517463457849345
553153073481535489
544401374675341312
500371149713178625
499478537468792832
544426163964096513
544282005941530624
544477097016578048
499705915227271168
525012689568161792
553589285342175232
544274934835707905
500327106824245249
500421926079066112
553478142791548928
524930499790131200
553563780928770048
500282674200604672
553110783761338368
544503881527742464
524968564306882560
499697887434248192
500236187395571713
552837086425128961
580339310299340800
544466903364673536
500398504075071488
553590427216248832
524988783213547520
553151328009351169
580332485030125568
552791414388424704
524953110285152256
544302851158470657
552807054268956673
524950203476869120
500266977814790144
500361668132892673
500366333461422080
500249081286250496
580329096024047616
544296463027961856
525056022046851074
544520690490417152
552822783311630336
544287209730236416
498289596463980544
553582057537146880
580329455173967872
498473515302260736
552793679082311680
553578191391301633
552788945017516032
544395712130449408
500291056445845504
499619724222038016
544301235596054528
553213361350262784
544391412075069440
524980504324358144
552816689386373121
580333763512705025
500378223977721856
524925033626738688
498285556502372352
544366934154678272
499575076468305923
500325111497777152
498262106937237504
500328049058279424
500395288335360001
524946753154727936
544455530756841474
524927281048080385
500350777844457473
580350403734310912
544384825332101120
553555848794877952
524967231902318592
544319667364708352
499638207987089408
544301313459101696
553588946039746560
524963878904823808
499671635067437056
544361776020586496
498298040881782785
544352188210745344
552807582113730560
544309283048144897
499678822598340608
580331192316198912
553501773517033472
553551598954491904
553137476135432194
552803431702749184
552787361437057024
524934673760530432
525006847095615489
544472800379940864
553545384069328896
499362949166030848
553114158989074432
524923341359300608
544380433014591488
553224082213601280
553528740618436610
544515999161393152
580352540316946432
498487611963744256
552829129356496896
553562348376850433
500247508195749888
499402006146977792
544329204314406912
499364508641808384
524931752725585921
553542337553764352
500366171716067328
544477019472289792
552830674357334016
524945225253675008
544301961638457344
524999488067633152
553185370108878849
552839270395035649
552842814061424640
553486529231089664
544482233038286848
525061246702587904
524922729485848576
525023610243928064
553186457121472512
552797729504886784
524991844292521984
580320645906632704
553226059836297216
498487087105314816
580325243631321088
552787914271510529
552816539175763969
553588889084891136
580337292838981633
498486539585069056
553220172925132800
524991470416461824
544326597055369216
524948206023880704
553214939838836736
552808135006887937
552824742097719296
553181902543126529
544303499756855297
553132714446950400
500393439482368000
499692099005325312
544478625383608320
553540580912156672
553222727700865025
552819569103220736
552817783910961152
553474012446478336
544328324601114625
524941041301225472
552815017402589184
553566026030272512
544404673357021184
500311883669585920
544476533302505472
580347360959717376
544401599414943744
581064144394285056
499456913902284800
524961908903149568
552840155728736256
525025552634494976
552807027781947393
552827008800280576
553144428584398850
525022821534429185
544416937178976256
553469733656203264
553487579077550082
553591411602640896
498494758814109696
544344684685189120
553127274829328385
500287857727377408
500363831957135360
552815332931665921
500358195408551936
544513510450155520
552815712327454720
499700579527299073
544406212461473792
544355197435142145
500239577387659265
552848478196736000
498492636630896640
498497371899449344
498476761538371584
580372806178881537
524959836778536961
498482619232055296
581303989406314496
544519021702311936
524936966492942336
553587735613952001
544509652390924290
544384467809230848
544467919003213824
580379486732066817
552811735183552512
544283745939767296
500307863894786048
498280730070622209
524953569762766848
553555156391186432
580327058158551041
524951439417044992
525055273816555520
553472225798795264
544468997916614656
553144964168036352
552814216550563840
552797114863198208
552806757672964097
580328302939889664
552837078854410241
524926768054956032
552839936521830401
552829046485434368
500402449501286400
580326978546495488
553157600225677312
544348392944463872
524943063937208320
544267656597995521
524952437137092608
524976835881205760
499652797030088704
544518583112314880
553163190138580992
544458445764968448
500361647144574976
524965597793107968
544442068639416320
544319905076903936
552796506642591744
553558131369062400
544458083129229312
553556643456507904
553584782987497474
553180729254113280
553574501964079104
552821991850668032
580322653472493569
581357303405813760
524939378552864768
553206096131670016
544518590104621058
544428261602623488
544512398628241408
553590522800275456
552841006799159296
498280074941313024
524953918166794240
553552293371871233
553554032745525249
544373945206460416
544340943965409281
499377470697926656
544277113683980288
499490314718310400
552805799106732032
544285819108741120
552834808121163776
553576010898497536
524979089787330560
553481963864993792
553139825008599041
552850599168196608
500387844758994946
552849585899462659
544307871853592576
544278985249550337
500417151346696192
544320992361721856
581405344288608256
553174607604482048
498318192000118784
552816302780579840
552847218403581953
552841684485414914
544513407400304640
580327418084364288
552832169496694786
544437798426509312
524975031059632128
524985092343889920
524933764330586112
553591518619893760
580331255570530304
552790742700417024
552834996265054208
553527964856352769
499355083734519808
500300813835988992
553194417239363584
525071638464049152
499691638424608768
552802654641225728
500290464621559808
553131791553667072
580323498905702400
552816288612225024
544443266926931968
581063730319925248
580332832544976896
500368901365317633
553550888770740224
552832019940376576
544376300417585152
552982560146726912
500388199064420352
552982443511144448
580365806720122880
553476600985948160
552802099331735552
499693411503726592
544340812448804864
553116915325870083
499394946416529409
499703254637219841
553589469849583616
499394221984714752
552783238415265792
525070933556350977
553543939517874176
500322486362202112
544277728930062336
524923678472286209
524947867975561216
581257660118491136
524964279456653312
580318669483413504
524945814796644352
544511391349354496
544275574642835456
553177321218514944
552833483325059072
580328783619579904
552840740007866368
544293753130082305
553481335948709888
552807528070131712
553582049282768897
553529789794250753
553198268436344832
525067419635576834
553591841996951553
500315532382707712
552808620187217920
544383022876065792
524988712367955970
500320316602974210
544439380329644032
552805619301097472
553145137086607360
553212962044149761
544474138287812608
552818685526933505
580343473607438336
525025463648137216
500281037486698498
499705246642622465
544395562666037248
524947870735429632
552838710296080384
552811354323963904
580336127699087360
580330302251393024
525003468659228672
525024066152169473
553148900811759617
553219651594125312
524956383318650880
580322102307373056
553502180666531840
544519694401941504
553234456522522624
553214219899117568
524998906799988736
552791719272775680
552979279039197186
580321156508577792
500360632093646848
544332510440595456
544461661055098881
500287224957898752
498474035668586497
552810477940932609
553529101659566080
552825512708808704
524962072262881280
544273256174198785
524935906596499456
544277117039837184
544293716140126208
498274948772024321
552836854085459968
544401577113845760
580325043705667586
553589880245481472
524981513637888000
553167814941761538
544377046030635008
552810249263259649
524960221694005248
544510450101415936
544476597512699904
524948710812581888
544508479675711489
553570203678683136
499698825020592129
500265950667870209
553194557316542465
553233728030650368
498530293116968960
544272701108797440
580362104110071808
499655249398075392
553140194606469121
544372177965834240
524987263835721728
552799591255384065
544496648445890561
524965775036387329
553486439129038848
500297358908071936
524952883343925249
524979179235069952
552788555584765952
553215523602046976
553486601146617856
499696525808001024
499703033174179840
544307776135364608
552807658869493760
544520932405284864
580333314415919104
525057025785356288
553136053112950785
544444148234076160
544324444773433348
553106334607228928
581460720900050945
525036214286815232
544374569016885248
553134790925619201
524937114539282433
544354840042680320
500403838877462528
544282877278814208
524961362448240642
524968466559033345
544482559900393472
500275854434639872
553586523338440704
580335409202348032
553542417673367552
552845017208061953
552783745565347840
552842140188147712
544515097625108480
552846886626164736
580331071457333248
581300992194572288
553546967281061888
525012912562536448
553475269873643520
499674902060744704
499691593985957888
544372465078505472
544392718601183232
499345023721537536
544333020023754752
524936793633083394
553227238829981698
553214576956043264
524991119164473344
499690604302192640
544277860555710464
544470398881259520
553120849231089664
553536603998945280
500251503903662082
544333764814323713
499672226887897089
544282015487787008
544449562552045568
524966565788520448
525021132022628353
553567076728963073
524967727266398209
524970444156571648
500359075045990401
552846905819291649
553480292498153472
524974779540197376
552786116404072448
552846625467817984
544369501857263616
553133704881917952
499699779426066432
544437156505067520
499665889198088192
498602841335169024
499401831874043905
552795773180858368
553236009081921536
553588178687655936
552832291601674240
524998460848611328
499698366402789376
553545000110538753
524942058042449920
524934827909210112
581255457022570497
524970097711267841
552825211654246401
553125384246804480
544452299641192448
544298354029506560
552785367972450304
500312651797233665
524952005157347328
552813160110252032
544356213837017089
553180005514366976
553097004138913792
498294815579467777
524922499466022913
552805853762699264
524944788525973505
524938857180303360
500300944891199488
544330542871633920
552978642968780800
525008463819464704
552810625873633280
552838171323817984
544320179560525824
544312118497914880
544516240572940289
552829217134505985
544367462012432384
580330660537192448
498584409055174656
553118212813246464
552831101312303104
499660656769921025
552820331204055041
552837268160135169
580331706860871680
553583376398319617
499703794805276672
499700209484828672
524949733983657984
498274493337702401
524955850591334403
500280658665537537
498483784296448000
544323933634564098
524934648473079808
499349294034743297
552838479844216833
553161458931236864
553149880693456896
553196453938855937
524947368865964033
552821475066281984
553548567420628992
553477692591726592
553225402282692608
553535221828964352
544277817987330049
580323060533764097
499409455814287360
552845255796461569
544334612718055424
553195827397926912
498302874531553280
552823427862908928
580330441854435328
500363602943942657
544443259804598272
544289311504355328
552806610490646528
500379055594946561
525050193360613376
499554248292458499
499542449753051136
499683602452717569
525058976376193024
524944146025312256
544515781367582720
524951625556066304
553105208008773632
553215879979085829
500310319844298752
580322066374721537
553185716218650624
525055967076290560
552849865680494595
500277301607542785
553539631149756416
499654313870761984
498277231253127168
544330052796559360
525033357722550272
544374395540881408
500364290545958912
544372545219489792
553529941938425857
544494721872433152
544280217104031744
499406854615597056
553546292748898304
499692788993511424
499690351875981313
524957429889777665
544326741674967042
544445607717261314
553476471470432256
524955102554361856
553157384714342400
524925730053181440
544376532161298432
498297336968515584
544280739290677249
552816932643405824
553574709669814272
553212702714499074
524934507892580352
580331121180844032
524974885362479104
552837599304622080
544364507342979072
500388703114895360
500350460122136576
552816062593761280
500285282650832896
498284302128668672
499620682502635520
500288693031419904
498294764718915586
544273050188148736
553559880599359488
499655869412286464
525071376084791297
525044004287971329
525060425184858112
552785391653494784
524927695633666049
524993166651318273
552823108537954306
544271815007145984
544287902079803392
580362323283615745
499360134779637761
500186818374270976
553495137314435072
524941272549969920
500294693356175360
525067386849091584
500286865963245568
525039876366798849
524954028287877121
500369391339724802
524942687003484161
553462249562832897
544443959662358528
499702384424022016
544496602262806528
552807013764575232
499652256288235521
552810276635291649
544326782334558208
552982124274647042
500281856559161344
525030117014507523
552808904137408512
544433367765110784
552818821460148226
499481575059619840
553100996855885824
552806309540528128
553186515359379457
524976929703997441
553216451780554752
498305825341845504
544515971637968898
498544167757570049
553570914143854592
552850022271033344
552818301530025984
553531130163773440
552837168482492416
553518053838061568
552817769604198400
553592023392202752
553584683892871168
544280765111218176
500320680810795009
544270745744846848
498281104865259521
500318966422589440
499598154581303296
544462912644214785
499397804620386304
499649754822103040
553461741917863936
544511676088066048
553133340795363328
553541601482784768
500370188970524672
553544078768766977
553554835203956736
498287947301814274
524970966842376192
553209912550240256
552978225094078464
544518803225604096
524923462398513152
580359809041604608
544422678119981056
524934142958788608
552836898562265088
553199664720543744
544357899783655424
553163344577064960
553181899662049281
499700213792387073
552811128326475776
552814566594576386
544477048048082945
552789196906459136
500284091305299968
553124985137815552
553225701701066752
553227220765130752
544440724192628736
525058578365698048
499389815268573187
544475905926524928
552981296839131136
552834732325879809
553589330846183425
553188115033387008
544512691948498944
553583059761897473
553551225560764416
500070716650565632
544512514651066368
552983615747796994
544316978278592512
581293286268129280
500192488003354624
553177465883873280
553176929411825664
500396175753633792
544280077778055168
553197181151481857
498483485133516800
499702462865874944
500320235841265665
553574345235103746
498430783699554305
553484365012148225
553478677359775744
544301900682629121
524929559909916672
553169622762262529
553550301886955520
553476490315431937
552810804186460161
552791203432103937
500072455931588611
544493536771854336
544492372088717312
544511130249744384
544301455952588801
552834842837409793
553211397782654976
525008613392515073
499408988422037505
544271362022338560
544290780991725568
553581958455123968
553587708367765504
524972443308683264
524968337747767298
524979133366165504
552815091331366912
499701576395919360
544513524438155264
580328617713897472
544435685864660992
500217516611108864
544343299138392065
499401478235099137
580882121222434816
498488195047096320
553136990787342336
544304298243653632
553188214522249217
553587167394791424
553152215050125313
553557308937363458
544474153646956547
553177833686589440
544305673287524353
553573365798416385
580346824269103105
553159810179661826
544281689233850370
544436666661085184
544374313848430592
553107939926736896
552841562963464195
553477943616634880
544427461136502784
544336408144781313
553589121776898048
581264214809022464
553168792017457154
544516101556961280
499484255869612034
553174713061892097
553561169923829760
498317308771987456
553472437644320769
544404937380093952
544508666724876288
552826992509599744
553149508637708288
580336772128870400
581061272856326145
524940014065811456
553168698677030913
544310853613281281
580337320508919808
544317709396496384
553544336475168769
552845840247971842
553212338728603648
524963322525798400
524981565462704129
552851421155299328
525065123917221888
544511811404705792
553480082996879360
553555705945288704
552821030117711872
524949837729787905
552839518974660608
552815293349650433
544518696463765505
553475729187680258
553592195786506240
580328535790907392
552822812281692160
544518335019229184
581290271997968384
544332254068350978
499648712596271107
524988027425554432
498284429333524480
498301902048997377
553151506556653568
499704226294300672
580324804403818496
544519245087121408
544337383215226880
544401675789033473
544383649131806722
544308793623207936
552838134627860480
524980744658382848
552818799095730176
544472595140063232
499699989237747712
553151132949053440
524956648151191553
544516164333080577
500377906305327104
552831506041683970
552807191775043585
524949073154301952
499695460358311936
553505371290357761
524953508978909185
500357314722156544
552815575672836096
552837814946394112
552813223360352256
581062604988162048
552819208212717568
553473369539366912
524961408740380672
524933399828369409
499621957747224576
552789886202175490
553135106609922049
544401367540834304
552844436460560384
580323152103911424
553227856046596097
524938433262006272
553517713147301888
552817918220984320
500308705083400193
524969431534153728
544305672372772865
553540355317334016
499659628645720064
544427938372792321
553119505887395840
580883100533690368
544341406094213121
544438309267578880
500280249629036544
553165418639413248
580333759125458944
544298376851111936
552841287670308865
553221319345844225
544394005182963712
544450135988899840
553563889104093184
580359405620858880
544396608704901120
525011747007377408
580352417541287936
552981833189969921
544504889746149377
553174338380517376
498310006169538561
500289088285863936
544420963429797889
500362377062547457
553198107278987264
544513557912879105
500314823117115393
552846893588709376
553512076304728064
553535430788780032
553159409476837376
544520121436213248
552791115599192064
553129378969047043
580320856905269248
498254540870017025
524924225463668738
553204017552457728
544442676410867712
544492454016475137
553147368913506304
553197212726218752
580697361799876608
553233130275221504
553152675014246400
553560488056225792
500240534481666049
553560769246539776
524950339074523137
499695682476060673
553555979238129664
544359670480379905
580333915275165696
552787144373460992
580326473803767808
552837147305455616
552825459546030080
500320286341099523
500397058541379584
552788720236376064
524962748237889536
498316826988642304
524967811081195520
544381485591982083
524958516822671360
553479315711864832
544519788752818176
552803413583360001
524964457936863232
553106200242700289
544365585417527296
499703369108553730
524959778125385728
552812984343330816
524966770428243968
544377870554898432
552789521646247936
524979946218061824
544508900595499009
544297331906973696
544288968624578560
544451041396531200
498489451954573312
580322453928431617
500279951275606017
544273427075710976
544370712639590400
553124563266306048
544289448150986752
544464731449196544
553196035133440000
544307161589772290
553099800951136256
500306548841660416
544443027570556928
552982669840355329
544419008615702528
524955388190662657
553229808260632578
552844593046097920
544314234541469696
544442448965947392
524995776578330624
500283013541163008
553117778870169600
553466755411369985
552839289919533056
498285405142540289
525007810871164929
553567716414484481
500287595403022336
525062013551001600
553584366803488770
525068915068923904
580350426278719488
552807536894947329
553110339236409346
580357537083576321
580342670511472640
553126044375732224
553221281181859841
581450117972144128
500332097064550400
553109369886633984
552824456557887488
552984231748829184
553195138156343296
553480876315901953
552845191003250688
525022663102963712
544306719686656000
553573875528007680
499697037156171776
580324933525467136
499667557247614977
499386181310619649
544266241511133186
553566829273423872
524923403183333376
553163862707818496
544318880001560576
500318336719134720
525029016001318913
580326045238333441
552802714816905216
524956007324082177
553153190859141120
544280391226761218
500363024926900224
544514883484520448
544519594438696961
544315472075042818
525021358879936512
553570916907511809
525059193074487296
580366761398239232
499507509171060736
580328582993616896
499553593041903616
580322346508124160
552984474729062401
544390130682068993
544427753785659393
500378522788315137
553113938091462656
544491151118860289
552793409438904321
581293685041557504
524936931059056640
499678305134448641
525028734991343617
544389639046721537
544388329094270976
544399649025433601
544511560249790464
544310849784274945
553477554041257985
581550667753504768
500303431928922113
552818300041052160
544321311250468865
544277336422486016
544417680284192768
553508524320653312
544429942323167233
544363222296297473
524951585231994880
552822450824962048
552978519328686080
553139515171557376
524943721302089728
553214358948683776
544312065637097472
552848013778251777
500315907567001600
580357700791468032
544431559320014848
544519083300241408
553588080964558849
553124268196642816
552978225010184193
500350150695743489
524927288077746176
581107798932631552
553473629854646272
552808461940301825
552817965813739520
544279103864860674
525038096086499328
544298959993200640
544515546633355264
552817759684665345
552825783337897984
553108170726719488
524923676484177920
544271185903484929
499706211093471232
553190729447919616
552791159232540673
544321103875694593
544424775939293184
552786361758265344
524943615437848576
524957105296404480
552805830677258240
524989654995849216
525007169956347904
544519849507307520
544514249356484608
524942470472548352
524935085863481344
499657337548701696
544428421745741824
524959630158725120
499529014797557760
580352273001410560
544288799711592448
499687644045918210
499560002341044224
500390232756617216
544514570367168512
498556324868009984
580320825351471104
544511112654618624
499488337338843137
544277607723048961
580351390570135552
581287108607811584
552838613877411840
553535441828605953
544487579048222721
552824383816073216
500359117132017665
544286686142685184
499693751720501248
553591980748734464
500270055540916224
553555948883959809
524953391634866176
552817711617552385
553569333150896129
525030963781595136
553151980928262144
580323877429112832
553197197618339841
552796863297236992
553200085132009475
500376891623079937
500312670260957185
544280873806610433
552821730100924417
498575704582148096
553159773555023872
553506337121107968
544271069146656768
553587672137334785
580351149619953664
544397240601563137
500316260081889282
552788007603142656
581301336085553152
499411840733282304
553189526177579008
544429467968339970
524926184069808129
525047079325155329
580364493928181760
500320616428601344
580328000400564225
499432557906104320
552993818816299008
524962450786226176
553575302392455169
552824885484224513
552795056080691200
552980632432050177
553541197491634176
500263561298710528
498316475317239809
525029433632366592
580325235653799936
544399562866053120
553152515701612544
544319450569134081
553512735192141826
499363975377993729
553200573387124736
552850603714826241
553531781690163201
544385086955589632
553098799380717568
553591055833382913
553487544508493825
524969679790817280
553515827073261568
552801829290270720
544424261163569152
500176071476936704
580364656608428032
500288971197263873
544491410439667713
552838341843226624
552814770542628865
580338189904285697
544520344976232449
500235112785924096
553561762466115584
552841650582847488
581287723841032192
500347948635791360
498529979672842241
544516739178827776
552849515271958528
552842983247466497
580317556516483072
553542093683974144
553209843939831809
544360342995099648
544442206832963584
553530667821457408
553544694765215745
499584511710351361
553105493255000065
544305018439204864
524943012602716160
581061237783556096
499702153909256193
524958599433691136
552821573946982401
500363141034020865
544281012708970497
499697194325114881
552833662593400833
544384255825289216
553145755079569408
553158826435018752
524930575472136192
580330690807394304
553118384540643328
524968205690089472
552814983797821440
544411585070911488
544281591833317377
553509146730176513
552845267289247744
499701423135678464
580371776619839488
552830684021424128
524955386697515008
544492209861836800
552830781656428544
544445364322197504
544351015936331777
552838551071911936
500359508531884033
553470907629707266
499598115888848896
525023912221212672
553100203239428097
553198972287082497
499511714438971392
500289307257868288
544268637134393344
580354367796166656
544415616753745920
544520586576547840
524946808271671297
552830966411321344
552842342143905794
524926698165633024
544421245698056194
499702134279913472
524970851675176960
544380441210277888
524971124845985792
544297696308518912
553498106588049408
524981890567385088
525041399344168961
544368246271406080
498318493293772800
581258486861983745
553166907596365824
498504673339666432
552810124776308736
544465890218369024
553524086417424384
553190393370923008
553589606307090432
544514569339953154
552793552376569857
580336568419921920
552839843999645697
552787144415404032
580885455257882624
552814382338826240
525044166519451648
581254429996920832
498486850521423872
524926445496197120
500349179848560640
552806056154644480
552822887988883457
553184643055644674
544309060883845120
552836586191474689
580334678340558849
498499836900278272
544391789789331456
553472488462901248
544520802339917824
544376073685712896
580328029852856320
499700824432717824
553123078541434880
553535468290453504
580330740086243328
552831230735962113
499427218171248641
552841043423805440
553479280014151681
544430910511140865
524976963862429697
544381029537312769
500314788610985984
500422971320963072
524971492820647936
552819824007872512
544415425140776961
524965242213007360
552984940900384769
524978196589334529
553151691512492033
499590929611640832
553170984824733698
544298121379852289
499606278910398464
553226624976420864
553131557892804609
544288856263360512
544394858405060608
499696733979688961
553578250186665984
552800290861510656
524968293577158656
553586940856242178
553158824979619840
544283387087691776
552814974511628289
552816497740251136
524960851493924864
552844311096983552
524930678983753728
553470492565602305
544351885298130945
553125364520992768
544513339544838147
552804175310901248
524955159840182272
524944981753356288
499682060793937921
544357487911395329
553200769671761920
500375190535421953
553215383256432640
500420906670256128
552801958428700672
552816590463315968
500318980007948288
524940803601227777
580326762673901568
500286460210462720
552789127792717826
498264107460870144
498356729634390016
544333236243947520
544521433473634304
553139058827096064
500302115458523136
552810448324943872
524944571256434688
500317579060449280
500426437392732161
552843285468020736
553563750230683650
580344171019542528
581377529124130816
500264535471980544
544436172999495680
525049044201377793
552846287314640897
544378769952505856
553216874130206721
553569512269021184
525060022569422849
499706065769201666
552832738542514176
553113395487330304
498602798687469568
544494273924562944
552985855854661633
525026031833718785
553127632947396609
524971258996588544
580338194731962368
552812951208722432
524979925343014912
553587546614427649
500366417674268673
552798310889566209
552835988540895232
544386515171020801
580883793709547521
580398796124876800
524960245509287936
552835854750605313
524977812852461568
553468492700454912
525002842021445632
544482745637158912
553185825065009153
499699479688544257
544364000897945600
524962199543230464
580329937573302272
544515072203444224
553198344034865152
552807101442322432
553221600955621376
553161476928978944
524955317201666048
553141935482093568
552798016646942721
553115236992290816
552980760500916225
499530130487017472
524968185016360960
581253085508534272
552836167029514240
553531971457265664
500281131057811456
544388658334146561
580341214098137089
553189490521812992
544354657385316352
524983366261936130
553587511864598529
525005134624215041
553151670796820480
552797148975464448
544384041391517697
553521417598550016
553131554743287808
525040252948189186
552792988376915969
553581612588605440
500317687239966722
524963002768842752
524935769614331904
500276114011742208
524947502903345153
544342204576038912
580336849534648320
553578348111085568
500347114975944705
544280399044960256
553534838880608256
553566279953842176
553547270264979456
580334563932549120
500307273659318272
552803792618799106
500331134040162304
581286157151039488
552848653980033025
524931110279852032
552981008518500353
500274697485824000
580347961256837120
552791578893619200
499405449951584256
498499795192143872
552814130827370498
499692915954704384
552810805243412481
544506347438735361
553112230292496384
524999079127162880
544306616137293824
499649230181388289
544462825952133121
552805956619628544
500365059390836736
498293668655423488
544306732475105283
580885187837325312
499583424114728961
552845868932800512
544284078330376192
552806624046641153
553586393189212161
552784168849907712
499669445548449793
552847370489430017
544324741239037952
498590686065606657
498466570675716096
553556728651210753
553220054184382465
524928195011698688
553136604882014208
524990519777443840
553516364879904768
553185062829948928
498302254190166016
552825236715208707
525012247249428482
525013278343581696
552801115516186625
552808242276229120
524948703850029056
581386094337474560
500408607561629698
499687274326786049
500378874656854016
553146117685522433
499705810076053504
552816883012239360
544515446100090881
553146494271094784
552827164677373952
552825664307744769
500380881563811840
581318271321931776
553148984509100032
553157600704204800
544515671347200001
544280516821024769
580326744357515264
500308900957405185
553201523577331712
553488850363101184
544471218951581696
499368533378498560
580352792700821504
553128325217275905
524958743000125440
553574522972958721
552826580741795840
524942802908876801
553204986474422273
553536236493615104
500277421506306048
499375535458643968
544512187171995649
498477676219600896
500164348963459072
544353552177455104
580353540725452800
553192366098898945
524932935137628160
553145690424344576
553590721207615488
544420349052342272
553156573607251968
544465862942797825
500251535943942145
552803839490150400
552826238407294977
552845654637436928
498463591767756800
552829031075553281
552787231468191744
553187282295877632
552831978522021890
580332684905431040
553213740137467907
544436279442546688
544440498594017280
581153923987206146
499410901033054208
553175451506855936
524960247518330881
498267196833808384
544437117963616256
500277625773121536
553591526937600001
500406581855801345
581061914001821696
552983656231628800
500322373359661056
544366894107480064
544346359948910592
553176753297162240
553201549997277185
544446828654366720
500266967102914560
580370249712697344
524955251464736768
524938146119966720
544284526684286976
544357935439417345
544515215576948736
500360244187635712
524966596897685504
544425928290750464
498325055726559232
552841583251701761
499478126570004480
499657337985323009
553586897168392192
524980219749597185
524935586025861121
500359377585704961
581063145256538112
544379787246981122
499673760484433921
524944978288852992
499532858399412224
524947149134774272
524978172110987264
544410806167678976
500308574703452160
553560429910568960
499689757652566016
580321948070240256
499402643869929474
552834754056556544
524974318087061504
544518415952539649
553588340432572416
544336585052160001
552835385043062784
498541831052083201
544499449645768706
524958409381384192
580330454869512192
525027873867198465
544503037973528577
553556060569862145
553480257747963905
581274406804025344
544321631976296449
499457882144796672
553137849663361024
524946461621235712
544405761925738496
552819064301961216
524960277348233216
553531802347122689
544512867144192000
544513035118075904
544334554631536640
552980299769200640
580329265251536896
580327197921120256
553152448077258753
553545782050045952
580335102313500673
552815387759616000
544510345289924608
552811438994378754
524991452527722496
525047767325220865
544341255174356992
500360684253638656
524943226948820992
544466608450580481
524955243185176576
553566644006817792
498255816034893824
553105460887572480
499695074855624704
580331308146118656
544294402366394369
544505129810944001
500295570393542657
524949028728221698
544506443626741762
525012561214058496
553136565296582657
544372384690872321
524954833648771072
544353257175654400
553108153915944961
552823691500072960
553108804934856704
525020620636307456
553472557978902529
500283877567770624
580326807704088576
552830151650967552
500287295485128704
500246996163129344
524991576163250176
544513072006967297
544487535418687488
500279519455219712
553100279089205249
525027317551079424
553570818031374336
552794942759010304
553098785132670976
500319801344929795
524982699220803586
524974456851410944
499705746377150464
553590880352088064
581302544116379648
544374563539140608
524947964620701696
552845671477153793
552799062421164032
499698817567293440
553122359398260736
544429514525507585
580323992843718656
552842236883652609
581295422414680065
524954241547632640
544383230091464704
553580499395174400
552849194944167936
553127508150071297
552837132491186179
552984511051751425
544296373466562560
552822873773993984
552842755454799872
580334199187644416
500395231305826306
553166152344829952
525070912199335937
544492053900836864
524937243518312448
553207267685060608
500285962342367232
552844023996907520
553139573019406336
553540617540624385
553530513580118016
552983966932688897
500293872162205697
525046443103354880
525021103559696384
552790371848040449
499699006298419200
499424290748780546
524956449836130304
553525290908262400
553545386082979841
580387098039046145
500364003734867970
552801724898226176
552826876398292992
553118438332571648
552839167575883776
499438052688023552
580338546856235009
499704658139435008
499651344622694400
553136237083889664
544301025079730176
544427216516698113
525019752507658240
544452087468150784
500327120770301952
552815122897727488
552830668607348736
552827133500719104
500290098647547904
553135802495270913
544402785966772224
544373694068686848
499553513471741954
552816933851394048
553224402012078081
544422134127525888
500314015609147392
552829580579323904
544294794139533313
500254607470518272
552831705351225344
499426471300329472
552815540721291265
553524183594844160
544459333983948800
544379143136497664
524995942995746819
498276354434277376
553585838056280064
553103334626701312
553189840913989633
553196571194851328
552805169206157312
580340476949086208
500236774103605248
500360308289187840
544292670336925696
544356122082410496
552830864187727876
500266427840864256
553538304332017665
580318717860532224
544477834396577793
553563668169125889
500382265076379649
544310166242734080
500402908740210688
500363023958409216
553103772852191233
544444539092488192
499455799723184130
524947129354420225
524942149973188608
524924034124107776
552817675408523264
552792544132997121
544336736948473856
499526002469797888
498323364197699584
552839190921351168
544519284740079616
544434450918932480
552850514132873217
544382249178001408
553101388926840832
499512318410375168
544367010894086145
524933657493250048
525031558949134336
499705545583263744
544377463581581314
544468178961592321
499650234914713600
553544566042009600
544401029211496449
524950404283772930
498267673789472768
524935485370929152
544395106426425345
580328708675887104
552807832257835008
544495066258362368
544338622078410752
552846811359350788
552786299875520512
500396427378298880
552790878805168129
553175714128990208
524949897221795840
544333172180537344
553102901619748864
544281589749137408
552827825603219456
552804810463117312
552791034447794176
498269636551798784
552847427410341890
524945095322513408
499405013261635584
524936592159698944
553581668142153729
552828280806850561
552804839886184448
552796522904297472
500072137374171136
544504183341064192
524934381828603904
500427783848615936
553145859089920000
580333904126742528
524926279309860864
544294692456628224
500359006331092994
580336661206331392
553491517462315008
552796269069209600
552793551231541249
581258923065389056
553528503573184514
524932574909857792
552982828963856384
544373515067998208
524955620538343426
553536532960010240
552804328319504384
500322242296041473
580331561398108160
499693137670205440
544517721757847552
544277526248304640
544299439087550464
500321184269881345
524995166953033729
500261600579043328
524960580944560128
500421515678978049
552837310707171328
552827979093385216
552978972963643392
544515174376701952
544315864397258752
544520654431981568
500180740127342592
553514505633017856
524947416869388288
552837484221300736
552820533507944448
498508707244683264
544486142763347969
552819155859431424
524950899899113473
499690869784846336
553126517187047424
499383196451368960
524924954287296512
524937675115999232
544430771688439808
498452664527511553
500366207552196608
500360558806568960
544401468875616257
544514782456729600
499697648866045953
524995812854489089
524966904885428226
552842761565904896
544366036498542592
553196953480495105
553581669710831617
553539373707186176
552805069956329472
525022700923019264
552830433688571904
580331843616133120
553508098825261056
553555207410700289
553515054503821312
552837035732381696
524939327399559170
499693808515182592
544512664769396736
544280707800264704
552838324977545216
553540872986705920
524983395026497536
524973920722878464
553155289235881984
552814137857036289
524950428598153216
553552772277481472
552827349667176448
544279945128591360
552833393734721537
552811254667288576
544308888628387840
524948554344054785
552836444835037184
553560219981459457
553553966970044416
580320945740480512
544277650714677249
525048410831736832
544492465185898496
553470140042735616
552818922798727168
500399997113098240
580319983676313601
544353918315397121
552825257707335680
552848961372176384
552986187364065281
552847251207241728
580347290633838592
524982954880413696
552823940440403968
544414028752121856
500073277273165824
553141087725170688
500386524416856064
498286202077085696
525068253341970432
525062993898635264
553573066455134208
499706059691663360
552846337746952194
553578243173781505
500391462073532416
499699435551866880
544406931897479168
499362269269336064
499571799764770816
552836095332081664
553570659805454336
552831197420994560
525032872647065600
553483906096185345
524949136173694976
553186577850335232
524931019745812480
544307547390607361
553223882128490496
552978184413921281
544395613043818496
552837644959621120
500409399865651201
525068387899031552
552790875492073472
580321169271877632
580320995266936832
580342519516512256
524939362048290817
544384349395628033
544279776765431809
581394092648710144
524931830173421568
544378468931076097
499363921661140993
553196263064498176
553468593141469184
499685593857531906
553146248652681217
524976773671292928
552822566726164481
553138330557108224
580352455952732160
553497508970631168
500287313256402945
553537280343031808
580353986991112192
499654272342953984
552982263907241984
544306591235710976
500073002101665792
553555389611274240
500360018928353280
544298334354411521
553471193110421504
552790565642067968
552813494345940992
544343367279456256
544282127404388353
552985973445783552
553213362713399297
544495155198181376
524957554829717504
500379259698176000
500322285916401664
544381144620216320
552828872379875328
553566200098488320
580365368805486592
552810138114195456
500359983301939200
499553298668859392
580336394184323072
553567184002502656
553215929107382275
553470382129565696
553115168084074497
553219047048105985
500359312447787009
500247666924986369
552818334643658752
525021050627973120
500254671337193474
553096753898323968
525031610136014848
552791332935434242
498300128088694786
524926301678096384
553198853487611907
553185854165114882
553104503520890880
499698311306043392
552827848734830592
553121732387946496
553586510260629505
580332255693942784
553145236268916736
552850725467082752
544520888003985408
524929893759737856
500422447623966721
553532980896231424
499556227874304000
500303238810574849
544313008642461697
544454229960974336
552795693682032640
552849248182865920
580320242020290560
524948268355051520
552817205982019584
499357077429817344
544508995361202176
580330369603366913
553129478008758272
499691429359517696
552979992603533312
544401573968097280
552814845016694786
544293021995393024
499602333404504064
553560480586166272
500429525558505473
524930671220105216
544408991649251329
553151749008424960
544518841020473345
544370072018378752
580322349569994752
553205691742425088
500385877684539393
544477802255630336
524942548066791424
544427543336464384
553562446456422402
499411596255719424
499383640267423744
499347831954870274
524970142719963136
524982608716120065
524924987774631936
524976313766273025
553180503969644544
524935146806738944
580365755750871041
524977830124617728
524930293921107969
553113944219320320
524977651476623360
552808658510561280
499363612260315136
499388398529175552
499349252938956800
524988555178045440
580331453889708032
580882302621843456
500354853680340993
580332451353985025
553503184174710784
499703128540061699
498304114955419648
552847035108323329
552812572731527168
524978999534317568
544495359800930304
544427333969805312
499364522038394880
553176976698376192
498286281894682624
544277852968210432
552840067199533057
524974900017373184
580332232121933824
544333302178799617
544483003758419969
544390017930383360
553568095978401793
544359578612559872
544343410849886209
500287538578587648
544406902990323712
552820735513612288
580329935601958912
553145130354765824
500242061279637504
544462438310375425
580333881687195648
581305416795103232
553525347266740226
524977285133524993
553190655011205120
524947971679744000
544332519861022720
580336341080260608
499689919929798657
553103134210666497
553149253363576832
500301519854379008
499660768908832771
499676350064508928
544437375003131904
580370309884182529
498259432237969408
500309745350508545
499446112147628032
553107921081749504
500249630664560640
553189165509394432
553172148085620738
500374427448516609
552818309050421250
544382795099799553
552846874432909312
552850116324130816
552826581916594178
499376069485821952
552798640679702528
499465611647275008
500286984162525184
525066876058361856
544410907204259840
544346107900207105
499649872534831104
544511151900753921
524951948337098752
524946921547628545
553590459688570880
552802515969138688
499366930457710592
552789252690706432
553480702067736578
553581227165642752
499669671034257408
553473416905629696
500332042648055808
552822076676255744
499381917490237440
544475892685099008
553484530804613120
552839869387399168
500404132394459136
553588053348843520
544283374911627264
524984773211860994
553149163181838336
500284699760427009
581314363644121088
553531695480463360
553500932521336832
499642374428307457
580355037504909312
553543319423553537
553135886859534336
499700838127120386
524993533212897281
498291267756130305
553173371043995648
581266400192307200
524993009440403456
499705599454883840
500400102125879296
544410050572582912
544340091615715329
544467822168920064
553234578086055937
544512465099587584
552812811651272705
553485654030446592
580377478184755201
553131797379551232
553567850301231106
544403112656527360
544511263788003329
544269997745242112
544278913883447298
499658267493019651
553151804046082048
544336537870434304
498253652755111937
498504707393220608
552840905213083648
544395804190855168
552800929519792128
499662307560263680
500349993539358720
553569379674521600
552821570423771136
552828504060874752
552838568717344769
499662393627410432
499601956491374594
544350480780914688
525039686931075072
500326873407455233
552818870281850881
553537322218553344
544499931101548544
580355581254471680
524949939755810817
544384662765068288
553516197283893248
524980775741956097
544287083343671296
544373593841623040
553588760060125185
544373676842311681
525026592788348929
553571541578174465
524939347699585025
525019469983531008
498292200955195392
552814410763603968
553555600911925249
544328894812549121
553551934251343872
544388259359387648
524947424482435073
553171877464920064
544421653128556544
544511783940403201
553490241445965824
544317165965303808
552827606715076608
524937421180653568
553566870750908418
499668221767999488
544352727971954690
580884605097664512
524981557770350592
524956731638841344
580320893668364288
544458458527834112
553128245420257280
544351179044425729
580884417343815680
524949315245322241
552799669521481728
544334623023452160
500411055315910656
580330104846475264
544338575240609792
499437429690888192
552837012689264640
544288661253398528
580370275121938432
499697848737210369
544352649978843136
524967631171117056
552978435090681856
544457324211879937
553223992300285952
581064157870555136
524958250706681856
544287203728556032
500383956362334208
500431179925823489
544458427263512576
499360784666071040
552832721945628672
524958741259886592
524928119955013632
553538559609942017
544310222547087361
499368931367608320
544519298015039489
553110751238701058
552833197084778496
553148926459920386
553115176057065473
498457205801488385
580351367719591936
553533859032477696
553178273895956480
552825402872590336
544436750097973250
499410965075886080
524953840127574016
581132461960249344
499688832300630016
499357289363431425
552803757864787968
498531639472189441
553137068688543744
544500527720325120
553542628097019904
544274797640044544
499439550029381632
553537537126694912
499655603405725696
552805970536333314
499385227362328576
498303921430204416
553566877956734976
498452658605535232
524949628689461249
524949306101743616
552791678881660928
500329800725442562
524959332656349187
553542442373619712
544391946513305600
499585144416514048
544417650680823808
499536812109742080
553535829017370625
525009850104037376
544369229987078145
553469523945590784
553109319764291584
544519486498676736
524952094986350592
552804668951511041
500288581081260032
552833795142209536
500407038800056321
580329796527366144
500305514447003649
552795585095671808
524941119403335681
552823014866563072
544272561266503681
544294893146091520
524929796862918656
524938162900967424
500171743466901505
553534707108155392
553200115079712768
553152400832606208
553227906449960961
553591475830009857
580335398683058176
544464812621578243
544323127522906112
544519480018489344
500354773133299713
553195808930410496
524969963850051584
580322782392762368
553587861837328385
544371668131393537
580329153553141760
499531968229683200
553541676229472256
499586890837016579
500326267640905728
553570370192949248
553571432475951105
553534934447824896
500292129802186752
544299273664593920
544438499642847232
553531783992868864
500392971636719618
552829571750715392
552820930419109888
544512676643500033
580327692765151232
553105942460760064
552837561119686656
525021083892994049
552832817089236992
524969201102901248
524973811092193280
544409400941625344
580329886532968448
544434192478519297
544360928603799552
544515850963648512
499397048878501888
580335545265627136
580323315614543873
524967711492014080
544385829180035072
524925600318754816
580328463585841153
500278485001457664
552820150345297921
544516478821613569
552831842232324097
553529334892609536
500162426998755330
525007664544493569
580339662096605184
544503217107648513
498300256678076417
500315237375954944
500328451929559041
552819936343883776
500378522398244865
552792131447037952
544334431830286336
552850925510225920
552801880812691456
580319968484421633
525057374965739520
544355218251452416
500358907383275520
544328059482939392
553177082566836225
498474263255330818
580349159569539072
544339368823894019
552828474814398464
552820384039706624
544517991086710784
552834229722038273
552832177138696192
553165231275663361
552805638024077312
581386155083620352
524946336190586880
552983003308515328
580360165540642816
552829096816693248
499568802267672576
580371847335821312
553587225901154304
580336528955691008
544355417900716032
580377986941206528
524950455743291392
553544252563935234
581063928953876480
553229626756329472
525049481679892481
552836392678465537
499467982943186944
580357920984051712
500221671245377537
544430900235075584
553209341520535552
553589860880375808
552812623658762240
553185404657352704
552844893148938240
553582251616010240
498495764486950912
524958238316298240
525046432085327872
544292910578278400
553145830761594880
544411313779126272
552978385572732928
544287815790755840
499581469027618816
553531316797718528
580345253179342848
544379738240720896
580335420703170561
500286293688193024
553546878902861825
553102562665050112
498271954185379840
500281094239817728
544279950929321984
553160898399834112
524958992330522624
552849116280393728
544516940367413248
500360248767840256
500353815132897280
500306187624407040
553186670871597056
553473550523580416
500298315368390657
544296772592336896
544512910538838016
552845136414380032
498279420885360641
580319078155468800
524938009834450945
544377700677615616
544415816851021824
500231335668383744
544275733607366656
552821069036670976
553548487225532416
544315187608973312
552806077755326464
552786016906383360
544358533819420672
580324697415360512
544390718253699072
498286045843435521
544374871812472832
524930400272265216
553542235661553665
544323086841954304
553554585634496512
544469609433563136
553588012752568321
498294248488574976
580330362070540288
544447768354639872
544283714751328256
580336326634962944
525052976562712576
544348695076954114
553473704060284928
500296080710705152
580399487740297216
500165620835840000
552814627399012352
552820265994829824
552807834434699264
553496228055777280
553551282967830528
553488054640340992
553591315515310081
553590835850514433
499691814358888448
544444189078208512
524944881941495809
544305913260433408
553485866346483713
525051210349289472
498263598062661633
552802098602319873
544338698750664704
580364236330762240
524957566502445056
552835339325558785
552821282447040513
525023025792835585
499565555645685760
525046462460477440
553484760233017344
544503425082613761
544479045149130753
544458558432350208
524935758143324160
544434475807936512
580364576560177154
552787599031828480
553194632520421376
553162401940770816
553096943455727617
552797638807281664
553562832001048576
498515980205948928
580327611760545792
525059348574130176
544382740750024704
524928223499784192
499439795618480128
581299354431987712
500398901028196354
500430445830365184
552797170295144449
580328297462140928
499636076852420608
499407248427188224
524922078638903296
500308076004929537
500284871541940225
580333827425439745
499408845127819265
553478289474740224
544336572141694976
553546679161745408
524925987239120897
553527807771308034
524948264886759424
553098571323437056
524928863714168832
500288284195426305
525020980037816320
544448652886818816
500420356621213696
544329431998038016
544438653410639872
524957647653863424
544318036715782144
499444325646757888
552830850279424001
524966392702189569
499409692834021376
544416436374892544
499643185581142016
499520839860367360
552807783385800705
544453205682556928
553583035820802048
553232531827740672
552831761957523456
552837190360006657
552824163841638400
581307361857392642
524983236712476672
544319274072817664
500388477763325952
525048557569454080
544379489263042561
498355319979143168
581303832895885312
544444661859749890
544298507868200961
500310127896199168
544483404528775168
553589970775343104
524947071770435585
499402444267212800
525035552643751936
553540478403366912
580320161082830848
553535862911541248
581183387848859648
524979152944779265
553506091389440000
500339591392817152
552812098057936896
544313592477384704
544484477930467328
553584868685520897
544308490840195072
544446667312091136
580335578069209091
544291619084959744
552836975741632514
500298588992593920
552821977061556225
552788396733906944
500377192841609217
553541838494515200
580329206158127104
544425494763302913
498303769915191297
544314464569675776
500257318219837440
500285938824908801
498235547685756928
499607500187250689
580325090367315968
524964166936068097
553209917944131585
580372127125131264
553487625815064576
544300178443100160
544273563872538624
524981463033581568
552839972911611904
524954262657581057
552837610897694720
524964929083023360
498317138554150912
552983300730404864
553590463354380288
553208946350362625
500331472277225472
544350803125735424
499602989133594624
544343625069379584
552789443644751872
524970731202166784
553543032642220033
552841477819473920
544341369762742272
524954313337364480
498254929942028288
544296672608534528
544416309266898944
553115396006764544
524954623145431041
552817391181103104
500321506371850240
524969501704855552
553554351633858560
544400853298184194
544290258951892992
580364138020507649
553536397731442688
544492614838673408
581301262269829120
544289409294553088
544307589245587457
544314810884562946
553215305917665280
553139203320860672
525025114111635456
500328758201815041
553205492458475520
524961055211286528
544274544174071809
544385641975676929
544325938826076161
553135255583219712
580329111064686592
544384498947719169
524966572277129216
