576811711652450304
553582049282768897
576248645365846016
525023025792835585
553584366803488770
524951585231994880
525016983646244865
524951456362012672
498259432237969408
544274585697280000
500315237375954944
499698825020592129
500176071476936704
581287108607811584
544412767240085504
544277728930062336
499648409767538688
544270745744846848
553160652567498752
553540872986705920
544390903839088640
553562446456422402
553584173420920833
552846886626164736
580325243631321088
529688713253494785
498600617645199361
544471218951581696
580352532167311362
499589336816308227
544519298015039489
499697729225105408
576325381990535169
552784898743099392
553181500104269824
499681614549377024
498492003903356928
553567184002502656
553161912968417280
581359544682614784
580330078682353665
500402908740210688
553169577228926976
524953530193301505
552827848734830592
577258317942149120
498476761538371584
500316005089181697
553196263064498176
524983325275197440
524957872296583168
553589055116836864
552794157484634112
544305913260433408
500242061279637504
553229808260632578
498286045843435521
576175612336992257
524967631171117056
524925987239120897
525020733622464512
499642374428307457
580362323283615745
553131797379551232
544351967829839873
500413012822745090
524970142719963136
544308888628387840
499581469027618816
525055052801515521
576472861528961024
552838613877411840
524949136173694976
553153073481535489
499444325646757888
552827008800280576
524987107081977856
544352188210745344
553478142791548928
499652797030088704
553487625815064576
553558513210105856
544353918315397121
525022821534429185
553576648973377537
498294248488574976
529647261689864192
552824163841638400
544517264725516288
553591317478264832
552798891994009601
544424408027115520
553219195056693249
544295667112230912
500252508884070400
553235271169638400
544311959483473920
524943012602716160
581288928646340608
544513035118075904
529697032659673088
552816302780579840
500389488217309184
544377463581581314
553201539737976833
552800070199148544
524932792925569024
553542093683974144
576393784835072001
552791115599192064
544341406094213121
553554351633858560
553520399300833280
499660768908832771
580319184652890113
552837775498964992
499360762167848960
580883100533690368
544271362022338560
524961513006964736
544337283801829376
524969679790817280
499696744155062272
552840805678084096
524956168754843648
552807528070131712
553208762291339265
500350777844457473
544483404528775168
499635247311781889
500352655827279874
553490160344502273
552809336360419329
498269636551798784
500327581514993665
580322453928431617
553123958602862593
544387967037763584
544290646010261504
552842755454799872
552827133500719104
498300128088694786
524970851675176960
552978184413921281
500285282650832896
500339589601431552
529723420993683457
500426437392732161
553152675014246400
524949443607412737
498609222020780033
553495922639122432
552845868932800512
552793679082311680
500290098647547904
498274493337702401
524985689905967105
499524024012386304
553543032642220033
580359809041604608
553175451506855936
500315907567001600
552816933851394048
553535829529100288
524966565788520448
499383196451368960
499440386767859712
500257166478282752
553110783761338368
553198268436344832
580364236330762240
580329875891974145
580343473607438336
524952808110694400
544284078330376192
553591259672379392
500360308289187840
544519788752818176
524993009440403456
529726656941162496
525012247249428482
552812040926941185
552805596198871040
553592023392202752
524959332656349187
580883864521818112
553547659404148736
498292628455034882
544307589245587457
529771847186124800
524947971679744000
544311814649942016
525015836226895875
553471987411324929
500363141034020865
544477802255630336
544518859290464256
544353793270243328
552822739388882944
500315609171636225
525057374965739520
544464695646617600
499598945417703424
524946921547628545
500286865963245568
524945225253675008
552845840247971842
553502311872733184
552799640488517632
500292426154528770
552839936521830401
552820265994829824
544439832466817024
544462911729455104
552811408094945280
500274697485824000
524974975623892992
499432557906104320
553199664720543744
529749285198655488
524979881525137409
500309745350508545
544462912644214785
524965242213007360
576831447299796994
580354367796166656
544353552177455104
552834559297867778
500318980007948288
553487579077550082
576830057496248320
553473550523580416
552827164677373952
552799606833430528
529724254183780355
544285508441231361
544325779199258626
524954241547632640
500365170796158976
524962142563610625
529738730748534786
552821050145513472
553506946054369280
544279945128591360
524937594090844160
553143179038715904
500307273659318272
553590835850514433
544515097625108480
544391085150457856
552835221859483649
553209843939831809
499699107615997952
498272080564334592
544519635916169218
529763844176896000
552816590463315968
499700838127120386
544351969658564608
524990180034609152
552828811344359425
524967711492014080
544376300417585152
552834445301256192
552984347754897409
524979152944779265
525049639016615937
553526191399776257
553545782050045952
580328783619579904
552806610490646528
525029433632366592
500265950667870209
552842140188147712
553132534771744768
524938433262006272
552808701065953280
552795056080691200
581247335998431232
553555293645590528
553174789561389056
525057025785356288
544470843997564928
524973223356940288
500256984768475136
544353600273518592
499574200596983808
524951419175309312
553165418639413248
553098799380717568
544416309266898944
552814460193476609
553186555150749696
524954028287877121
580338189904285697
524939362048290817
529778109290012673
576382568586706944
544326461952241664
525028955049320448
553219770053443585
580332451353985025
580330441854435328
500328758201815041
553492305521672192
544282355989753857
544320939245043712
552788007603142656
544287252306997249
544332847050670080
500376891623079937
500294803402137600
544414430025371649
544406902990323712
524943226948820992
581299354431987712
544389259491172353
500361847070269441
525005886272843776
553587542067773440
576573355404431360
580322349569994752
544310691600302080
553468593141469184
544359670480379905
544304200423723008
524963649455407105
576814014438703104
524967298604359684
500347920210989057
552820533507944448
500375545918803970
521375609206083584
553214219899117568
499345023721537536
553588374280601600
524980166289002496
544467822168920064
552980299769200640
529728664137904128
498256407980826625
553144384737525762
576509905596727296
553121522769219584
581305416795103232
576338406088687616
552805735885991936
552838551071911936
552841684485414914
500069586063335424
499530401136668672
544366824997912576
500320316602974210
499700279412281345
553547629963911170
553554585634496512
553174338380517376
524946609453678593
544367862211952641
576597020065996800
499703794805276672
553590721207615488
580332296336732160
576468519598104577
500324836355608576
499671635067437056
580882341880446977
544376469279875072
553567076728963073
500380282097520640
553146494271094784
500310127896199168
544282393801007104
524969501704855552
553133340795363328
498281812821803008
524976486902951936
576842803013091329
524947129354420225
553556984273072128
580331677899202560
576516069516525568
576231309254721536
553591980748734464
524976835881205760
525071638464049152
552831974784905216
553157352091025408
499703254637219841
580883727624065024
524943615437848576
553526776878469121
524958743000125440
552831460236099586
524950395110842369
544350712365207552
544331918506872832
500302577557573632
544355417900716032
544300256981430272
552844311096983552
552836695754678273
553578566563426305
552817965813739520
524980744658382848
544301786849640448
524934827909210112
500278169828470784
499596695705894912
499697652385464320
544319667364708352
553171741804359680
553192373728342016
544292129972170752
500339512082698240
529726244834017280
544521166543548416
553486439129038848
544402012570284032
500275363558064128
544503881527742464
576655512462344192
500296090671796224
576470720328392704
525012912562536448
524926643325132800
544294794139533313
553117623568068608
544297696308518912
544373694068686848
524975031059632128
544477019472289792
525024066152169473
524965406377664512
524932635177795585
544519622389956609
544387886611570688
553176929411825664
553176753297162240
580330721719508992
553231516290269184
580333946271113216
525047104239333377
498279420885360641
544407139205132288
544368246271406080
500311883669585920
499658267493019651
498248415223246848
553184958958022657
499438977774931968
580371845997682688
544346359948910592
553545386082979841
552828474814398464
499703651079045121
544407300329709568
544516940367413248
499385227362328576
580329219646988289
544519849507307520
553152400832606208
544304298243653632
500277563072475136
581280784155353088
500277472068263937
553476600985948160
580338165824667649
544354657385316352
529654321873715200
524934381828603904
524977669902172160
580372806178881537
498497371899449344
553126072905383936
524934648473079808
553233414145310720
544292146342531072
552836975741632514
500308574703452160
553537537126694912
529742801274429440
498285529704976385
580319651399385088
553486601146617856
544326741674967042
500361647144574976
498285556502372352
553113938091462656
580346824269103105
581295858898989056
499703156889362432
553160909208559616
553473629854646272
553511977478537216
553541601482784768
553529796601585664
544284483453595648
544511558173601792
499655869412286464
544309893969092608
544287796719288321
544520379176599552
580349424058175489
544401573968097280
553585862987235328
553099800951136256
553145603665186816
524950428598153216
524950679274942464
525030165190303744
553586246883475456
544271815044894720
544469768745398272
529828486975066112
553474232596701184
544515174376701952
544436330856329216
552816288612225024
525047349757100034
544359422726664192
498305851828879368
553135802495270913
499553426133753857
499401478235099137
499579650926858240
544374511194632192
553144428584398850
552834961762709505
553479222434729984
499387698390790144
544291829290508289
552827553493565441
544293753130082305
544273220128739329
529731160025612288
529645026452979712
500284699760427009
552840037642297345
544307040932601857
553105493255000065
553537939041701888
544293177596067840
552805050620604418
524978196589334529
500289154581008384
544284455909998592
544514988078280704
500391222075076610
580322026029654018
500298847550472194
553477692591726592
500301494340419585
500349179848560640
525050193360613376
553131554743287808
500072137374171136
544273885437652992
544363757493702656
580332485030125568
524981945131102211
576617856919465984
553587278564823041
552811354323963904
544393889113600000
552837655105658880
522286703848218624
544290780991725568
552808282398924800
580333763512705025
500298315368390657
553591093498224640
524930575472136192
553144964168036352
499379061718659073
576344611519614976
544271284796784640
524940014065811456
580330690807394304
524949939755810817
500292202845982720
544281589749137408
553589606307090432
544410895602839552
499407248427188224
524930400272265216
544512064694546432
544513407400304640
498530293116968960
544519396828672000
552822944603582464
553544039241224194
524937635698327553
500375190535421953
500427786159681536
500380708783665152
552842837516386304
552785551930454016
552836985493409792
500347484154372097
544369501857263616
500417151346696192
552847627319259137
552839416620658688
553536603998945280
525025329916948481
553164722380742656
499346625760751616
580706841769820160
552789550238801920
544373945206460416
553229948153262081
500375737439096833
524996383120818176
552823198484819969
529729911926583296
553586860334010368
553555948883959809
553157114156560385
498483485133516800
553209912550240256
552819316702199811
524932935137628160
500273257262886912
552832177138696192
499690869784846336
553539252374757376
500298752469770240
500296158476906496
524932056560963584
552816539175763969
500357314722156544
529669581506236416
553177465883873280
500398901028196354
544324741239037952
580330591826128896
581293286268129280
552798010196107264
524979184297590784
500320680810795009
544420432099545089
524985325190656000
499405449951584256
552808785329549313
553227856046596097
552810359409897472
581266400192307200
498285405142540289
499682060793937921
581295422414680065
552826238407294977
524993172271665153
553591303582523392
524936456742379520
553139058827096064
553502446769942528
544309006500888576
552804962158514176
552850022271033344
552790074166108160
580320964875014145
544305859904286720
553101388926840832
553592195786506240
500296369224310784
553136237083889664
544384255825289216
544332254068350978
553233130275221504
552851189675470849
544391063742332928
552831761957523456
499701114195808257
580353449721655296
553134790925619201
553174353735872512
544458427263512576
544477097016578048
552834229722038273
581273151612575746
552829971631472640
576716016908136448
544514782456729600
552834996265054208
580334199187644416
576341809812623360
544288135564107776
553480876315901953
544410806167678976
580334309422161920
525035552643751936
544392718601183232
576814574873235457
553531695480463360
580336766663540736
500358061698347008
553165824979386368
544366723067957249
544383383095508992
552839800433410049
524982531075371008
525049831312875521
544399562866053120
544515781367582720
544514249356484608
500326267640905728
544388092552294400
553215362058440704
553560488056225792
552825664307744769
499655603405725696
553153190859141120
552792193992519680
552786116404072448
499387993879511041
524944537618485248
524966392702189569
553157384714342400
500413818368184321
552978586559188992
499404849835175938
499598115888848896
529641857513308160
544333302178799617
498284302128668672
544282449388519424
552850514132873217
524925124303396864
498498431271190528
552806462125506560
524940940721418240
524967620588896256
524956449836130304
553155289235881984
576833924736892928
524949243883425793
552824742097719296
544390130682068993
580371776619839488
500306187624407040
500277421506306048
553542516772175873
576382704700256256
544294893146091520
544408293192368128
544379366474403840
525036214286815232
524938146119966720
580323992843718656
524942851944493056
529731453865955328
552983615747796994
499581876668227584
524936793633083394
553591518619893760
524922078638903296
499706059691663360
553544266526760960
499698357397237762
499705915227271168
524955557686284288
500070108099002368
553105208008773632
552817918220984320
498250100079341568
500358195408551936
553581669710831617
524936592159698944
581256046448111616
552792518870708224
544296671950020609
544504183341064192
581301262269829120
552982443511144448
524982699220803586
576671947091779584
499693411503726592
553115236992290816
499532858399412224
498455001463664640
553493222052605952
544420963429797889
552816689386373121
525019469983531008
553229592480481281
580320645906632704
552823949311369216
553157857215262721
498302603034640384
499699366660423680
500329800725442562
524930594950479873
553189165509394432
525007664544493569
524929893759737856
500295333486657536
544409532324413440
552835288725061635
544453205682556928
544316684736028673
553472557978902529
552796506642591744
544353303468199936
544421653128556544
552804668951511041
524995771587108864
552844593046097920
552839975843016706
498472666802958336
553540739058376704
552813988644659200
544435708299972608
552846544320618496
500270456830562305
500189389855916032
553591526937600001
500369391339724802
525033443076628480
553587303172833280
553137946740932608
524956648151191553
553151804046082048
500379055594946561
500403838877462528
553570818031374336
524940452383170560
553100922268942336
544323358327070720
498340530770939904
544342204576038912
524942149973188608
524935769614331904
499438052688023552
500297243371798528
576321889276207105
576859807388418050
544315187608973312
544515999161393152
553578243173781505
524946461621235712
524964457936863232
544345465311879170
544333764814323713
544461661055098881
552807236339507200
498544167757570049
580319856496644096
544426163964096513
553553331671408641
580332380436709377
552831515940634624
544392801836728321
524939821815721984
552979275776032768
525007169956347904
544298376851111936
544275138712469504
553542245966958592
544271815007145984
576853097445752832
500378874656854016
529663474079920128
544424261163569152
500282674200604672
580326871302316033
553220172925132800
544332613532811264
552820025409941506
552812682626465792
552812951208722432
552827117663436801
552801829290270720
553571541578174465
553129559173115904
544348632980676608
544337689676636161
552815712327454720
553216874130206721
552847959864274944
525013278343581696
500279160795721728
553583376398319617
499536812109742080
525040767317082113
499674825753772033
499700209484828672
498466570675716096
544336537870434304
524995166953033729
544323450270392322
544508666724876288
580332990867349504
524925223226081282
544297827258888192
525002243100401664
525044262648676353
544356213837017089
544406931897479168
499697887434248192
544382249178001408
552844436460560384
525015193425031168
553543395017510912
499648712596271107
500386619564650496
577295940278738944
498294775649665024
581063753837481984
544447054034919424
544296672608534528
499453410744483842
553105942460760064
544420375224791040
500295393301647360
552805638024077312
544286537299787777
524979925343014912
580338546856235009
524944610985263104
500359312447787009
498487611963744256
552829396265230336
552815274848964608
552844767281688577
524985687704338432
529728291545284608
552817783910961152
525026219100995584
580339510883561472
544455370476109824
553469263650906112
544293783702364162
524944146025312256
553540580912156672
553234456522522624
553573633395015680
500397785246466048
500387959468982273
552815122897727488
544301012492632064
552822434639126528
500359223557890048
524940077978640384
552829129356496896
500290456845299714
580337292838981633
544449632131375104
544409869990633473
524983828000276480
525033278555033601
553168698677030913
581249720376553472
544293021995393024
576330947588558849
553591084409184256
544296096244441089
553164303650799616
525020980037816320
525003468659228672
552822841541144577
529725862246375424
524940623594287104
544317139323473920
525030117014507523
580364656608428032
552833268362772481
552819569103220736
580353540725452800
500310319844298752
529643568873230337
544284577318318080
552787231468191744
500298588992593920
524984209505812480
500383514567925760
553210080829906945
544460097146331136
500289088285863936
580342670511472640
544399649025433601
552815387759616000
500374427448516609
499704658139435008
498255721260400640
552786818853113857
544514570367168512
553542235661553665
553550030553243650
544446973667860480
499674159916789760
499366152049803264
552800929519792128
553208300607922177
524950507023245313
500286805720449025
499669671034257408
553541834975498240
552846874432909312
577308426902056960
498480344992350209
529664568772292610
529726966178787328
500072334578159616
524972443308683264
553508098825261056
524962072262881280
544512078518968320
553472437644320769
544404673357021184
553149163181838336
552849585899462659
500301870145880064
553537322218553344
553519375521951744
544516530160300032
553590072373968897
553547836517007360
500366417674268673
500309222635360256
580882302621843456
500402804910206976
580352455952732160
524943504192311296
553215658784456705
524930678983753728
552844023996907520
553115926531674112
524966582544781313
524935345998422016
544277516773380097
499638207987089408
498497395198799872
524961561677680640
529727601280307201
525058578365698048
580329455173967872
499706705354448897
500296692713783298
500369097360953345
577294310573502465
500353815132897280
500358907383275520
525049044201377793
553586781355278336
581404604677660673
553542784800792577
553592040374947840
552789886202175490
580333728762896384
580347961256837120
553546551709409280
499697037156171776
500351760402493440
544307028815253504
553567732126736385
529763954231607297
544334394912014336
544336736948473856
499406854615597056
581063730319925248
580346858846822400
552807598966059008
529652269105815553
499672226887897089
553108804934856704
529731513613836288
500306837103968257
553553112456499200
499704241741520897
576453994484252673
576191681827057664
529692457337118721
553530513580118016
552841460681572352
524954661703680000
553570370192949248
553553202197827584
500285962342367232
544333236243947520
544497191155290112
576347888168644609
553590427216248832
552808620187217920
500392971636719618
500376174095511552
553590881371320323
544431559320014848
500315532382707712
552816561514635264
580324697415360512
524930538009006081
524991832451981312
580882674413375488
500236774103605248
552812775907422209
553544419602104320
552818309050421250
553531783992868864
553497835371757568
499504676250066945
544282227035869184
524944788525973505
553463773844238337
553226479904231424
500318003024494596
544308490840195072
553591653647138816
524976526891417600
552822043490938881
525055879545380864
525029016001318913
553555389611274240
544272561266503681
529704637301923840
544284823041212416
525036240848945152
580380219921580032
524943721302089728
552983300730404864
553546878902861825
544319450569134081
553590746637668352
580319078155468800
553209232712294401
553589914684895232
525025806079504385
529773317889064960
544301296099270656
580883793709547521
544382740750024704
580339793122447361
553131763468603392
525025114111635456
544410576894427136
580337178506584064
552813549291315200
552801438821515264
544464445787750401
553551598954491904
544373515067998208
553501469388058626
544475892685099008
499649813332639744
498602841335169024
499426471300329472
544340943965409281
580332189155459072
552844643097120768
500301418406744064
580377986941206528
544495167836016640
544445364322197504
524988555178045440
553194632520421376
524976857822011394
544443027570556928
553103334626701312
580697361799876608
500427783848615936
552845671477153793
524979089787330560
553145137086607360
580325714567806976
544284957766463488
524999488067633152
499604750888083456
553586940856242178
498280074941313024
580353737769820160
544288302254137345
553590946970206208
553589860880375808
529669611030331392
544440498594017280
544399927045283840
552828872379875328
529743499588276226
544415816851021824
544508543152304128
552834754056556544
525023858831523841
553127508150071297
499706791396392960
524950339074523137
580387098039046145
553136053112950785
552815540721291265
529627707382853632
580352792700821504
553151980928262144
499411738467794945
498294764718915586
544305540286148609
524942687003484161
552846938677059586
552824705703763969
500288349924782080
544317709396496384
525026592788348929
553139285717950465
544493466836017154
553173371043995648
544388329094270976
544367462012432384
544462330105712640
498483784296448000
552836775191019520
500290977798836225
525035832336736257
580336127699087360
552823691500072960
580882701063979008
525026031833718785
553575302392455169
553555705945288704
524934941914968064
544283772569788416
499366930457710592
552831197420994560
553470907629707266
553190729447919616
552805799106732032
500176354185187328
553182889379397632
524977321430630400
544494312206000128
553200115079712768
529679172650942465
553220369721483266
524934004152082432
581550667753504768
552805956619628544
552837086425128961
499705810076053504
544436279442546688
553145422097969152
544300178443100160
524957925157384192
524991470416461824
580328617713897472
552825083941879808
553196035133440000
553569333150896129
576780691616198656
500364705622671360
553231667523883009
529671638539698178
498401948585181184
552817367995002880
529659390664908801
500378338582884352
544439380329644032
500317687239966722
552793409438904321
553188974811185152
544495066258362368
544313132865159169
524977992683237376
553551286793416704
544394858405060608
553114158989074432
524977285133524993
524947867975561216
553470382129565696
552848653980033025
576524931409772544
552820331204055041
544296772592336896
553124783043649537
552786340958715904
544436750097973250
499377470697926656
544483913830531073
524975642379816960
553098785132670976
524988783213547520
498474263255330818
553539504146231298
500180625312083968
500070716650565632
544492465185898496
553509146730176513
499361017038905344
576327507093360640
498269289812856832
498527404386578432
552788720236376064
580330454869512192
500399997113098240
581291208506376192
500263561298710528
524949021744713728
552845267289247744
553201549997277185
576813256905486336
529683211774083073
553216909022605312
499601812005998592
499464258183114754
544301338935312384
580351604831846400
553590811355795456
500422447623966721
552839028350136320
580351149619953664
544469609433563136
544384498947719169
552848653132767232
500360094924931073
544511112654618624
544384662765068288
552847035108323329
553159773555023872
552831524002103297
524969201102901248
524964630221705216
500400102125879296
580365989780520960
544510402454110208
553190393370923008
580398796124876800
552833681111658496
498292200955195392
553485654030446592
552836844560609281
553189024941481985
500396175753633792
544515546633355264
580342917291708416
576641067317096448
544269997745242112
498284334806495233
553128325217275905
498272309535191041
500274132756738048
553582812964876288
524954623145431041
500359075045990401
544280397472088064
553128245420257280
552834842837409793
544379738240720896
544383022876065792
525022663102963712
525039208139087872
553583867664535552
544308031446872065
544350565283532800
525059193074487296
500290464621559808
552808461940301825
544521433473634304
544443259804598272
544366894107480064
552825402872590336
544393165101613056
552850611524599808
553476288103477249
553227389061582848
544514883484520448
529696730607271936
544274879055675392
552825211654246401
524928878075457536
552837012689264640
498263598062661633
499649754822103040
552836095332081664
580343941825953792
544452087468150784
544484918567239681
529654486974099456
525020326816927744
498316475317239809
553180503969644544
525028171549523971
552842342143905794
581246782765719552
580330104846475264
544285712653500419
552979420227842048
500171743466901505
499706350759206912
552792253601947648
553533193899368448
544477048048082945
544413195884974080
500429525558505473
524980402495430656
576475228928385024
553206989925658624
544518445870497793
544476808566276097
529729262593773568
544301149348982784
552828400843620353
580327576218046464
529723761428557824
576847727918739457
552787321561812992
580332876081811456
524978526974668800
544511693204647936
524983236712476672
524993612279336960
580325458870460416
580364973664309248
580336341080260608
544516142983684097
576423157587906560
544345074960584704
544457324211879937
544489340584222720
499702153909256193
524942058042449920
552818922798727168
498590686065606657
552801880812691456
580321317527879680
524937574281121793
544357563534680064
553566644006817792
580365755750871041
552840067199533057
580322332348190720
524984773211860994
553472488462901248
553112060788473856
544511773223968768
580364493928181760
499439571520991232
499611069565112320
544504954334224384
525045709402148864
553545384069328896
580329560350183424
500176026882678784
552818870281850881
544359578612559872
500264535471980544
544367010894086145
544520434767503361
499376069485821952
500359088757555200
552801028262096896
552827606715076608
524958384060366849
544515671347200001
529740161144602624
552833941930274816
553180005514366976
553590653784195072
553122276913471488
552847230693310466
544355218251452416
553181902543126529
552796625467621376
552798832359374849
544372701285351424
498298040881782785
544301449845305344
552784882687299584
499431474731683841
544512910538838016
580330369603366913
544420067774316544
524991576163250176
552981296839131136
500072155166814209
499412661176926209
524948520605069312
581299253743501312
580320995266936832
544341194822520832
524924660480487424
498280126254428160
524979070288019456
499668221767999488
524938857180303360
576639665786249216
544480083982168064
500368204376850432
553171056589279233
576749539375235072
553192641328734208
525034457086959616
553551148280729602
553207514222063618
552806056154644480
553177822312013825
552842814061424640
553530558614351873
553117857609809920
544474153646956547
529695075560071168
580336394184323072
500294349872062464
498603999252467713
576767713328144384
524943886553468929
529655766509445122
529738126026358784
553531343834202112
580355037504909312
553474012446478336
529627432996044801
553221293298819074
544429514525507585
498292732159619072
524943638812299265
552815182708494336
552789443644751872
500388703114895360
525021083892994049
544499381731622912
498268463639851008
553591736598269952
544384680376532992
544308531684335617
524941504796962816
553205691742425088
524990163446140928
552795693682032640
499401831874043905
552850092806258690
576344015458570240
553563668169125889
580332312354693120
499696550541795328
553585530504749057
544280929154637825
544494408515608576
544404072179060736
499699779426066432
499394221984714752
544294692456628224
544483003758419969
499381917490237440
499472596853743618
580328132932022272
544384394337611776
498325055726559232
500369693203378176
544380433014591488
553175336926449664
500413956230365185
529651454832037888
498276771226451968
552993818816299008
553117500410716160
544356724871036928
524951314556796929
521346721226711040
553220054184382465
524966596897685504
553108153915944961
552841006799159296
524943658748219392
553159810179661826
552791831390732289
544308749725626368
499683602452717569
580325090367315968
544514645571420160
552825739075022848
553566829273423872
499381321954000896
500260514807947264
553107688591089664
553137713163943936
580329886532968448
552814382338826240
500300944891199488
553214576956043264
524937330923417600
499567797064957952
544315472075042818
580350698774241280
544301453717041152
552783238415265792
553129117215100928
576515871876767744
552812572731527168
553517380995792896
498265555833720832
499654272342953984
498474035668586497
524973444946202624
544512676643500033
524987990524047361
553586393189212161
544283374911627264
553152515701612544
544490976253726720
524928960615186432
498541831052083201
524959027516932096
498356729634390016
544294639805923328
581264214809022464
524947716393414656
553591049541914624
553585840270876672
525034332474601472
500287224957898752
576509083152457728
544480905532669952
552824126659104771
500315536937324544
553188115033387008
500070913836982272
524925600318754816
544407157077467136
552825753264717824
580362104110071808
544338676835041280
524943812339437569
552788555584765952
580326045238333441
544418204508893184
552790695036321793
500372391407931392
544443959662358528
499635302764662784
499583424114728961
581254429996920832
524954161054756864
552822812281692160
553480702067736578
525027317551079424
552823029680852992
544274364288364544
499626055251271682
524926528342487041
553196930768330753
553219047048105985
552981008518500353
500359323588239360
553537460920389633
553587352086384640
499446112147628032
544297331906973696
553189490521812992
553195852643442688
500363097698086912
524940659778920448
499364522038394880
498317308771987456
580336069192843264
552830674357334016
524956294395224064
553153740925304832
525000349648949250
544346107900207105
580331706860871680
524948554344054785
552797406094716929
500343812863311872
552840606074953728
552981694979248128
553531413459660800
529692613780439040
544505447911149569
553105121526427649
524933380929245184
553561170637238272
500359117132017665
552831881847533568
552829481962835969
521369179392581632
553218083410952192
576815154735775744
553554032745525249
525037656820826112
552834808121163776
553145236268916736
498286281894682624
552841650582847488
525018799347875841
524936137589411840
553534838880608256
552839843999645697
576860068316057600
553490241445965824
553163344577064960
498524570593140736
553538456207777792
553543369604210689
500360095738626049
524944006577668096
544408991649251329
553585838056280064
553553966970044416
580331308146118656
525056576038518785
544328059482939392
498259903962570752
552984798671945728
552827981069291520
552787144415404032
553555593034596352
499696137708658688
529648202379964416
500382270340214784
525033625788907520
553147341470203906
552836586191474689
498264393185239040
544516101556961280
524950899899113473
553224215676354560
500368969854103552
553152448077258753
580320825351471104
500278978557804544
500300813835988992
553183420499894272
499608179362521088
544313592477384704
500377192841609217
544416818711252992
552803839490150400
552795585095671808
544314464569675776
544377502563459072
552848701312737280
525067386849091584
524953391634866176
580335608477982720
524949828711620608
553216451780554752
552821030117711872
580329265251536896
553540355317334016
581064157870555136
529649368656134144
544458445764968448
524994965366382593
580347051927597056
553582011324329984
553579914717577216
544520888003985408
552817711617552385
524957752138149888
544482664515121153
525052223030845440
529830319982407680
553589657695715328
576389113319944193
524983581983375360
553163210715844608
524965077318107137
552826150141960192
500354853680340993
552847218403581953
580332903986524160
553484530804613120
498308585227431936
524981890567385088
544269221564137472
544478708741201920
552797170295144449
552834501383290880
553162401940770816
581260171688718336
576530892119793664
544406212461473792
524924954287296512
553156573607251968
524953569762766848
544290258951892992
576889130258419712
581247332282306561
525048557569454080
544477834396577793
524955386697515008
553541676229472256
576860610400501760
524953110285152256
524931083797004288
524948703850029056
552823984358977536
552830151650967552
552816010752167936
581287562947395584
544447768354639872
552814216550563840
553554835203956736
498305825341845504
580321203757387776
553151670796820480
552836167029514240
553589345186111488
552826581916594178
524974135030874114
529775890767437825
498318493293772800
576842966964117504
529652940869738496
552807054268956673
529742159352975362
552788947219533824
500366333461422080
580886010575257601
544291804057960448
544495155198181376
580326111311171584
553550301886955520
580321327845765120
499606278910398464
552849248182865920
524923610851729408
553204986474422273
529724985775235072
552817151112142848
552815712432316417
524935633463037953
500312670260957185
552839167575883776
499511714438971392
500360684253638656
544517624114081793
552813494345940992
544427133398175744
553177833686589440
544417680284192768
500368901365317633
553516364879904768
553147120942084096
553200769671761920
580885455257882624
552836829234614272
498584409055174656
580321169271877632
500283877567770624
553171877464920064
500347379938492416
553582465734832128
544323127522906112
500217516611108864
500296988077076480
553174639158231041
544285245600989184
580328302939889664
544518647881170945
553529334892609536
552842762505428992
553547637832843264
525026066944262144
544466903364673536
553166766977740801
553168646051475456
499363612260315136
499368931367608320
580323877429112832
552851847581413377
529680484402749440
553500238246608896
580326473803767808
544269749405097984
553480900869361664
544336408144781313
544472595140063232
553588080964558849
499684402616864768
524983050187579393
553553244845522945
553491540535156736
576504635738951680
552788396733906944
544294618758520832
580331192316198912
529695367680761856
553224764924243969
553171841913602048
580348878370828288
552796619104866304
544393766287970304
580320856561209344
544289448150986752
576772770220113920
498289596463980544
553109319764291584
552986374765563904
580326370640818176
498473263862149120
499669445548449793
580326807704088576
500353227951718401
580332684905431040
552822566726164481
499467982943186944
552807101442322432
500235112785924096
577269239779893248
524942353355005952
553579715014172673
553225828625297408
529689763230797824
580328198564651008
529654835537518592
544308156625481728
524965701535412224
544465890218369024
499437429690888192
544387390752567297
544469470568148992
552821437678223361
498277678706077696
524954105471840256
544356122082410496
552830850279424001
544378468931076097
529745609969131522
552790742700417024
525018288330272768
544449039433883650
524955083297931264
529590474005544960
544422134127525888
553549680538578944
552819824007872512
544296465619619840
552834623944671232
544329204314406912
524923676484177920
498235547685756928
500360632093646848
544411097797644288
553548567420628992
500399181627162624
544411313779126272
553588760060125185
552829386773516290
544432661419155456
553506337121107968
552790565642067968
552840964025626624
580336204186521600
544518803225604096
553480333954678784
525041091507388416
500314788610985984
544479045149130753
552798310889566209
580335578069209091
553481963864993792
500165620835840000
524939142485262337
552794286849536001
553586305272389632
499363975377993729
544334477011349505
544281012708970497
552841043423805440
553172900270727169
500314823117115393
544459886365376515
529646030472904704
553105460887572480
580320890086383616
529665662856495104
552817391181103104
499345384024842240
553588946039746560
500192488003354624
552820150345297921
552829637215408128
553533499643547648
529670566031421440
500177556768034816
524953077456318464
544383649131806722
524936931059056640
544494787168972800
525066628359127041
552819208212717568
499705746377150464
553139825008599041
552811128326475776
498487999848800256
529727794826457089
552832291601674240
525041601890881536
581258923065389056
544380742076088320
524977651476623360
524960851493924864
553112230292496384
544437156505067520
529739968470867968
500284699546517505
581066887200694272
500322285916401664
553544078768766977
580333906597167104
553487544508493825
499704336935821314
553483906096185345
553107921081749504
544427042616254465
544511263788003329
544321631976296449
529671725865111552
580336554406711297
580333827425439745
499695918547861504
499507509171060736
500280809652514816
544325938826076161
524935791794221057
499703033174179840
525033778637721600
544467919003213824
524997921042071553
524951625556066304
544294402366394369
544364507342979072
576356996145917952
544301313459101696
552798016646942721
500416861016580096
500395288335360001
524974900017373184
544492843499540480
500360978387976192
499700213792387073
499497872564703233
580320242020290560
553553173743677440
544518335019229184
552791719272775680
576508971923693568
544314234541469696
553531802347122689
524947475858472960
552837499937378305
524966572277129216
498508707244683264
552836100814032896
553163862707818496
580318210609696769
500221671245377537
553478014785187840
544370072018378752
544366036498542592
553147368913506304
552842642216988672
500361668132892673
500408829696544768
580332109782466561
553227220765130752
580332232121933824
529702797349253121
529691342168141824
553480082996879360
524978999534317568
544513339544838147
580343329096904704
544406288231174144
553145736045801472
544461231549992962
581061272856326145
544295871592951808
544434195469045761
500327120770301952
580359057825009664
499692099005325312
524946808271671297
544428421745741824
553556844665659392
525016728091500545
552784600502915072
544308188909027328
525057606151602176
500345408150065153
524923403183333376
529541962639355904
552982813671043072
544313043463987201
498504707393220608
498430783699554305
524948710812581888
576790814942236672
500284377490665472
580370275121938432
499349252938956800
552820735513612288
544352874969698305
581258486861983745
529713467184676864
544509519179816960
525033697045925888
553488054640340992
499688832300630016
580355581254471680
553527807771308034
524972166006464512
498316826988642304
524950203476869120
576824525339402240
553514329166061568
524950404283772930
552792913910833152
525067500447612929
544504859290906624
544459882075017216
524969415318982657
544372222400671744
524934419270742017
500359356589019136
553503546382249984
529733937170771969
553228537084116993
580359480782786560
552822330141851649
499402006146977792
544468178961592321
498349598197702656
529667041142124544
498283038338711552
498433651835940865
524944978288852992
544384839906906113
500368724579192832
499696733979688961
524969144832491520
576379928914046976
552827825603219456
544518036255150080
544433739539812353
552835988540895232
500360248767840256
544281689233850370
552790878805168129
499637476315910146
500382437655207936
500292129802186752
500162426998755330
552815293349650433
544282015487787008
580360165540642816
552791065645027328
499690604302192640
552835339325558785
544492984880754688
524947416869388288
552848478196736000
524949435886096385
553539778088816641
553473369539366912
544401577113845760
500280838710247424
553197212726218752
544283387087691776
553563750230683650
553188382403477505
544463701030354944
529716453792956416
553189526177579008
524934142958788608
544515072203444224
553475430897156096
553558385048944640
553540934118694912
544427543336464384
580325043705667586
576833924967493633
553099685888790528
544287209730236416
544280516821024769
499696948296028160
500364290545958912
553143519536500738
576238005951811584
580331132878618624
524948264148160513
500295570393542657
524948866773184512
553141935482093568
544396078125039617
553563780928770048
553528740618436610
544401675789033473
553544694765215745
544285194815942657
529775258698399746
499590929611640832
499651344622694400
553589285342175232
553587708367765504
544514207933542401
552815091331366912
544519486167330817
500298981558063107
553517080637489154
544517721757847552
524980579956449281
499584618165567488
553519997956669440
500358258654470146
580344006682505216
544520932405284864
580326762673901568
544360851646709760
500314545345552384
552833432540430337
580379486732066817
544515517546254338
544394005182963712
553503995872808961
552824162969210880
553584868685520897
544277607723048961
553174713061892097
544510827433558016
544365130138808321
552811606640721921
544351356824604673
580323152103911424
499705269434085376
498507434693246977
525044678765187072
552797638807281664
498310720350863362
580317998147325952
544470979842281472
552827123963281408
499647397278937088
544350087020019712
553530667821457408
500359673334493185
500231484725161984
544377700677615616
552813223360352256
552806077755326464
581274572823130112
529818929607475201
544365039663083521
580347646465949696
499690351875981313
553496697918468096
553515399438811136
580332255693942784
581386155083620352
576526802056814593
524944544681705472
544381860214603776
580350000074457088
553566877956734976
552802531672588288
552981833189969921
552799062421164032
544396563116589056
552849116280393728
500234390723915776
524991119164473344
544476492281827328
553561762466115584
580377378226049024
544358564484378624
500284091305299968
576657704933990400
544450135988899840
500386524416856064
524964223185850368
576412144759136256
544299439087550464
553576849943826432
525049481679892481
500283831803326464
552828280806850561
544281014768795649
544515446100090881
500251535943942145
500404132394459136
580337327677026304
553213362713399297
544516381031792642
552795566242279424
553589295525941248
498357910603575296
500379259698176000
524959390332239872
552807013764575232
553198972287082497
499531968229683200
553226624976420864
553588178687655936
553586897168392192
580339662096605184
544280617160949760
580323060533764097
580372127125131264
500288581081260032
524959090125320193
553172148085620738
529731332717678593
553465105028222976
553580959661309952
553169622762262529
552825473160736768
529660692832739328
524963002768842752
524937968138878976
553106334607228928
498602787614511104
524986820850106370
553144448452792321
581257660118491136
553548487225532416
580340024736116736
553144889811402752
553541197491634176
553174247506706432
524934897367285760
552982613288157184
544514538797035520
500284494201757696
544381029537312769
552804408233193473
524941720249978880
529722288971984897
552819350504493057
553518472798683136
525052976562712576
498515980205948928
580320745974288384
576820722426839040
576397815406071808
524938107142283264
498274948772024321
544475686740967424
529654489356070912
552800290861510656
552800223496790018
552832169496694786
529723023591743488
553569512269021184
552845542536261634
577300802294804481
500313811195158528
552850533523136513
498486826269548545
499649872534831104
552839103214288896
544414028752121856
553017543330648064
499363323335680000
552814494381256704
544410900854091776
553231607449276416
544444261027299328
499676350064508928
552830966411321344
544286686142685184
544282714237448192
552812811651272705
552983966932688897
524936075870228480
524947368865964033
524949439367380993
529761572881985536
553566870750908418
529655746074779648
577303343728627712
544271069146656768
524981557770350592
580322066374721537
529647809243648001
576507292415320064
500334308867858432
553186670871597056
544372384690872321
580319206400475136
553591411602640896
499406086945136640
553546679161745408
499610913112989696
524935216134369281
581377529124130816
524929769469538305
524963878904823808
524967231902318592
552846337746952194
553211397782654976
529695299200360448
544511560249790464
499432169836531712
499665889198088192
499526002469797888
544476597512699904
544384349395628033
553149347777753088
544357487911395329
498254540870017025
500352850329751552
544320992361721856
529724757366022145
500331134040162304
498275621651636224
499699270883110913
499642704687816706
529736435780583424
524952407625957376
544512664769396736
553115168084074497
544519577733173248
500250188221779968
552816020403269632
500072098178813954
524966904885428226
500284871541940225
576816930272776192
580330362070540288
544442206832963584
529730550169624579
500297358908071936
552818799095730176
552849662991151104
580349419360526336
524976313766273025
553551279620755458
544343367279456256
498248648699150336
544435030127161344
529723023184498688
553186739326812161
544480936960606210
553535430788780032
552978435090681856
499706211093471232
576794571448909824
500390232756617216
499553513471741954
553530524183326720
498267196833808384
524957429889777665
525009850104037376
524947071770435585
529752475541442560
544341369762742272
500353295903637504
581335535832039424
524998110268096513
552791159232540673
553570203678683136
498300897051807744
524947870735429632
544354175900196864
552979992603533312
544287902079803392
580347364562587649
544315864397258752
524953918166794240
580321372703985664
500430673099104256
499446567229603841
525033357722550272
553469733656203264
544508479675711489
553205372719472640
529776116773298176
581061914001821696
500336373833170945
576825885774467072
544329431998038016
544266241511133186
580339310299340800
500408607561629698
552811438994378754
580320684305416192
525023642007371776
524956129017995264
580327197921120256
553574650450825216
499405013261635584
499693751720501248
553228482927263744
552847251207241728
524942952733220865
500335355904540674
552836444835037184
580699430690656256
544476533302505472
500336040440516608
553528503573184514
553225701701066752
553118438332571648
544380980677857280
580326978546495488
544313008642461697
552826580741795840
552844893148938240
544272537341812736
499386181310619649
552829046485434368
500426667446513666
544441034948636672
524958516822671360
499520839860367360
580328848774045696
544288968624578560
544492454016475137
553169307824177152
552809042687819776
553145034720030720
581303989406314496
544300945820352512
552831978522021890
552796863297236992
552807658869493760
529746982106324992
544452969702236161
544432946841538560
552796522904297472
544388658334146561
529666235710332928
544288799711592448
499692589143298049
500360244187635712
553196953480495105
553172769819852800
524925553489760256
544276998017646593
544494721872433152
553141087725170688
553487356733313024
553529789794250753
500318966422589440
552830684021424128
499560002341044224
576821651490340864
500249630664560640
581325025569030145
544442676410867712
525072912957452289
576546827643703296
524980219749597185
553542282100871168
544409519380758528
500303431928922113
553214597055135744
581460720900050945
524974518960652290
553181586829484034
553551934251343872
499691429359517696
544435863946416129
552816883012239360
544503425082613761
544309956250320897
544280077778055168
524979756371288064
500254607470518272
553578191391301633
553522808417157120
576362213134454785
576249853979807745
552824769754976257
524977076433321987
544288681021145090
524965597793107968
544321103875694593
544455530756841474
500357713260724224
544351179044425729
500322242296041473
553222727700865025
553212962044149761
553589469849583616
544382795099799553
552833942777511937
529657418985525248
552845255796461569
552791578893619200
544287203728556032
553151201253294080
544423787949600768
524936966492942336
524925215235911680
529724755906400256
544484515742482432
524981223291383809
500358655834062848
552815332931665921
525069509342683137
552822544341139458
544365585417527296
580331347752914944
580351367719591936
553583035820802048
552841477819473920
524938009834450945
544389506569220096
524959630158725120
553585596959318016
524979279701241856
580335398683058176
524934300459077632
544331022104395777
553531316797718528
581287795991302144
553159439457341442
553227288859664384
544513199375384576
552801954733490176
552832721945628672
544388259359387648
552816288935202817
580328297462140928
576376097824198656
552820842544246784
552846811359350788
544430900235075584
500409565473943553
499517463457849345
499702088512049152
500285732578013185
553232704708546561
525012561214058496
552980760500916225
544496262629036032
553589860892942337
525029913230053377
553546029212389376
544274797640044544
498560433021026304
552813160110252032
553489393202499584
553151749008424960
524958227768020992
552824885484224513
524934673760530432
553145830761594880
544271743331078144
552789583260577792
552982908865368064
524927695633666049
524980504324358144
580337583508570112
544430771688439808
499699989237747712
524975093966209025
500186504279625728
544273050188148736
500271532279877632
553466755411369985
499387985096237056
576850639600357376
581256908251758592
500251242124173312
544343299138392065
524988027425554432
552801115516186625
552816062593761280
553475824369012736
524949315245322241
544360928603799552
544372465078505472
553187683510812672
544462825952133121
552848704819183616
553532507623546881
552839972911611904
553521417598550016
553590459688570880
553184451774402560
544301455952588801
553206304396038145
544301025079730176
525025552634494976
544428082749132800
580347464907153408
552802098602319873
524933399828369409
553198853487611907
552813155572006912
525027651908800512
552980632432050177
500404509592387585
498303769915191297
576480269835845632
521360486387175424
553551435762503681
553528788383191040
525070933556350977
552821570423771136
499702134279913472
544354418938740736
553558982476828674
524937204552843268
525040492388823041
552831705351225344
553196571194851328
580336849534648320
500281094239817728
552978225094078464
576866204339609602
552840728116994049
500279519455219712
552817205982019584
544406832073416704
553129811850559488
544326597055369216
498320854707896321
499636076852420608
544497137221136384
498264107460870144
553583059761897473
524970097711267841
525028522361114625
544356579098001408
524972277406773248
500160181184249856
577301582917816321
544309113694740480
544336572141694976
499362441697193985
580330660537192448
524955062486196224
553116915325870083
553538304332017665
553180071775993857
544517991086710784
552830459273809920
529733930199814144
499701669437784064
499607500187250689
544393723099238400
580331981130498048
498341675476217856
552984511051751425
525032458417610752
552831266945794048
544393504768925697
553558126147149825
553221281181859841
499703369108553730
580326398620934144
553161401733496832
581325197661376512
544490782183657474
525024181218725888
498274934553317376
553185825065009153
553551225560764416
544281591833317377
529634428734423042
500293830827331584
544411561205301248
576890261382520832
553155988917075968
544518707825750016
580368137796743168
553506985413713920
499361679197884416
500411055315910656
576773359729426432
544510219401703425
524926279309860864
553195808930410496
544519166582337536
553218599390040065
552818334643658752
499615655906533376
498305962726273024
524935731148775424
499647059688173569
552822887988883457
576777317474652160
552818300041052160
553472225798795264
500285938824908801
544278913883447298
552850079074099201
552821287933202435
552784168849907712
581255457022570497
552805450350362625
553158824979619840
529644676333453312
552845017208061953
544506678922977280
552790838015979520
552851421155299328
553137476135432194
552818868604129280
544436172999495680
552827029692104706
553546063752478722
524930851747164160
552804839886184448
500280422295937024
525023912221212672
544355987608444929
525012738280792065
499554114024771584
553556060569862145
524979702940045313
553130148107943937
580332832544976896
525027873867198465
553539631149756416
499501246907432960
524949339131904000
552816686752358401
544271185903484929
552837147305455616
553505371290357761
524956518404198400
581302544116379648
553123329561743361
577287149516541952
553209983845023745
529660101683318785
524935758143324160
552791034447794176
552844104418091008
580333881687195648
580337320508919808
500296080710705152
544306118273794048
580326073776357376
552787599031828480
553200552142983168
544350480780914688
552798200990806016
524971386838978560
553581209193050112
552978099357237248
500308076004929537
544292798887784449
552851710880653312
524981427260366848
500325220193153024
553221319345844225
580351083383517185
525048987649576960
553232137931849728
498292317296812032
577302850318938113
553469523945590784
552805209424941058
552823933381394432
529722630363181056
544376732649013248
544519024156360704
500277808883830784
553133704881917952
544391789789331456
524946753154727936
498302874531553280
576407819353780224
544515489016594432
525012689568161792
553470140042735616
552836913091330051
524968466559033345
499410901033054208
544489539348471808
499362949166030848
544343410849886209
553116149333114880
553476880339599360
498463733447163905
553582039106990080
580327336505176064
498254929942028288
552978376424964097
529679551631089664
500320286341099523
553493300242432000
525029954908860417
553138330557108224
524969137660231680
498277197581664256
580388756043083777
553213361350262784
576513463738109954
544293694166536192
552828573896413185
576694748095782912
544516240572940289
499691501136650240
544289880805605376
553574522972958721
499657584836874240
553229956830875650
525071809226346496
499361965035491329
580347068457308160
524953017389707264
544521141335764992
544298663061643264
553464709899616257
552829306439598080
500197999205965824
524937597206790144
499678305134448641
499444395800682497
500378522788315137
544470708093747202
552837484221300736
544317438079139841
580399487740297216
552835794646212608
553119235904643072
499590048313262080
576866204360581120
544428008258297856
544403564077260800
577287176288776192
553198344034865152
524995375468249088
529757088881573889
553218279557582849
552818988468944897
552834558706847745
544318880001560576
499565555645685760
544425457471725568
552812984343330816
552786016906383360
553099479381848064
553576010898497536
498480911243948034
500341884678836224
524941727753568257
552802128688078848
553136604882014208
544519021702311936
553107939926736896
500264892134207493
552814845016694786
553525347266740226
580327611760545792
553518053838061568
581546828954411008
553227441712668672
544274544174071809
552789521646247936
544367253857525761
576350258021675009
576394839220178946
544509140911919104
524942470472548352
544466608450580481
544429185255481344
553116528074575872
576836412051304448
529679905483915264
544520802339917824
544369653015801856
529734565599121410
544383230091464704
576429318701760512
552806757672964097
553146117685522433
553195138156343296
500292806175236096
525008463819464704
553155430055440384
580347360959717376
544492372088717312
580319999887347712
524955170200121344
580351390570135552
553165538499641344
544358533819420672
544466920880492544
525007337724325889
553474188259102720
529691396098510848
499605248747786240
544349773676179456
552847488571678720
524945095322513408
525025279803424768
524992063553953792
544509652390924290
544287922166726657
500288263320768512
553235360722214912
580321925265788928
544519140552507392
525008469385302017
544292910578278400
552823829333291010
553491604917334016
499366666300846081
580365806720122880
553574709669814272
553129478008758272
524945676443340800
553587861837328385
500405877460193280
544377046030635008
553568095978401793
553535829017370625
552810276635291649
553590891852886019
581300992194572288
499699006298419200
544373839548145664
552984231748829184
552978642968780800
552785375161499649
552848726197559296
529716182438653952
544317474498703360
498530904139378688
500385877684539393
553117423906590720
553552825431883776
552849865680494595
544276027644850176
552814213081866240
544292342430449664
524987150413336576
544308793623207936
544519245087121408
500430445830365184
498482619232055296
529714770422022146
552850116324130816
498318192000118784
553581958455123968
500360018928353280
500319801344929795
498286202077085696
544408496918499329
553223882128490496
544389911630340096
552837027616804864
577273752796282881
553215313807163392
544403526773125120
544506347438735361
524955251464736768
580333909008871424
576321916593659904
552819649599897601
499347831954870274
500287815734013952
552821991850668032
544340812448804864
499388619425980416
544517440332627968
544377870554898432
499355083734519808
552843236797349889
552982635178635265
552982816045408256
552805970536333314
500328583194509315
553588889084891136
525056022046851074
544505129810944001
524961721744900097
544503217107648513
498277674692149248
500367591773179904
500409399865651201
552984474729062401
544309177859203073
552797114863198208
580346835295997952
581245152158728192
552804175310901248
499400566397607936
553226143307161600
500396366829735936
498616975850225664
500306548841660416
552956517197303810
500250935885852673
529735459069788161
544425492971941888
544293261506928640
553489837542899712
552821573946982401
544518033902149632
500283314230419456
552832996676730881
544272701108797440
553110780745629696
553578348111085568
524965165759221760
498303921430204416
552980288394231809
553137601457426433
500393152444772352
544378769952505856
544347292493705216
576807652145160192
498294815579467777
552842236883652609
544302938374426624
544518590104621058
552810138114195456
553506091389440000
553483707122995201
524954586696933377
553215929107382275
553591055833382913
553122359398260736
498287166909579264
544511300630753280
500355259341242370
529694805010685952
553218281705066496
500359006331092994
552807834434699264
553573166116012032
500292684192686080
552984502063337472
524940030109036544
553215634864345088
544346361101963265
524944881941495809
529630665168281601
544492209861836800
581253085508534272
553515827073261568
552821810572439553
553127899033640960
499375535458643968
580321948070240256
544344684685189120
553503909692841984
524954262657581057
529735674405326848
576327863802138624
544361266718846977
580377478184755201
544510453201006592
544309283048144897
499554248292458499
500302383747194880
580339547269144576
580322005280493568
524952883343925249
553478677359775744
499701423135678464
524931752725585921
580335545265627136
544337761600557056
552796091255894016
552834411553886209
552830781656428544
552807582113730560
525024518713397249
576387464924819456
581248346309922816
553505242554175489
576321776424189954
524994747883323392
529645279159779329
544296985910861824
524952341561491459
552830433688571904
552783667052167168
499705963126202368
553108170726719488
500362044324208640
552814280471367680
553176976698376192
552808138127446016
500289307257868288
544381485591982083
552985297307598848
553543144172969984
544288661253398528
553503184174710784
524936008870400000
500396027342376960
544330861680664576
525039686931075072
552982560146726912
552793759210307584
524941132237910016
525070912199335937
580359405620858880
576770693683105792
544513517706305536
524983366261936130
544461947882586112
499364002318020608
553589720480235522
581262528107384832
553567716414484481
544317165965303808
524986649315667968
576836049151868928
552801958428700672
552828658747187201
544307417677189121
529755373721632768
544462918465503233
521359454672269313
529648547864399872
553515054503821312
544314020539289600
553124985900785666
499488337338843137
553575450329378816
552810032765497345
553571432475951105
544395106426425345
552814770542628865
524939347699585025
544317494379294721
529671440829005825
580884605097664512
500280658665537537
553185062829948928
529540733020405760
553170984824733698
544391323214573568
544492919567417344
544374563539140608
524934090542182400
500266977814790144
544405871703240704
581261457725210624
580344171019542528
553592108699758592
552983003308515328
552835385043062784
524931913426157568
500358526804316160
580319458004193280
544389770009276416
553483415954411520
524949897221795840
552978030935941120
544492614838673408
500378223977721856
580340423044018176
544518088117329920
524957566502445056
553151700950065152
553100996855885824
498291267756130305
580363156721131521
524979668282519552
552850282410176512
553186457121472512
544310166242734080
544432190281359360
544376532161298432
544291619084959744
529695483661664257
500210207986028544
499519101644308480
552810804186460161
552794514424102913
552826876398292992
580370309884182529
552802117908697088
499704416937975809
499699479688544257
552817146166652928
553149880693456896
500362377062547457
544281235271745537
499694783691239424
553555600911925249
553104503520890880
544438653410639872
553144712920834048
524987851046658048
552789127792717826
553121581187485696
499705041238765568
524938282732642305
529773194027073537
524926768054956032
544423869981802496
500322373359661056
544288773023203328
553145759961714688
552848013778251777
553125301090525185
552837599304622080
552806932176977920
552810884029222912
499411840733282304
553200726403710976
552850379453366272
553499806883381249
498262106937237504
544412083714928640
580324721381740544
524950117192044544
525059810312847360
544518696463765505
552792271243210754
552807783385800705
544395562666037248
524926301678096384
499430225043009537
544390017930383360
500288971197263873
499584511710351361
553517053110657024
553208946350362625
553496489641902080
580352417541287936
544482745637158912
544434450918932480
499427218171248641
544320179560525824
553591760668991488
499563566786433024
553477943616634880
581064144394285056
524968564306882560
552843174218321921
544478071340806146
552837814946394112
576483978363973632
544428261602623488
499358869492367360
544444539092488192
553164381673259008
500420356621213696
576448454005813248
553586538928676864
524957773810135040
580320612155060224
553194557316542465
580337418550775808
500258409988763649
581063377226637312
544519083300241408
544321311250468865
524952154482946048
544458458527834112
552810166744547328
529746217098825728
553532980871053312
576485427315535872
544274757689307136
499702462865874944
499402643869929474
498317138554150912
553586275438301184
576889864907427840
544274934835707905
525068915068923904
500307863894786048
552820156980670464
499588291335692288
553479401296625664
499612545909415938
576531907606892544
500072455931588611
525045203648790528
544506628239028224
576794158108581888
581063906682114048
544379787246981122
500251503903662082
500164348963459072
553145859089920000
553148926459920386
553587167394791424
500315291168276480
498313143530303488
544268732046913536
553137849663361024
577298811460128768
499377813758443520
499439795618480128
524957647653863424
553462249562832897
580885187837325312
580323315614543873
552837190360006657
524994218964815873
498296205777326080
524964989975937024
544290752533393408
553151506556653568
499660656769921025
553210306877739008
552845250268766209
580331071457333248
529664974978023425
544287991959539713
581302297579425793
553167814941761538
552790598823186432
552820736490889216
552829011983089664
553140461540343808
581394092648710144
544453251068743681
498494758814109696
544301589931241472
552837907174948864
552846565950627840
499363921661140993
553123078541434880
552790875492073472
498500813845966848
500371231183745025
544520042810200064
552802515969138688
500382073593405442
498265095559184384
544369667096477696
524926472432410625
552797148975464448
581183387848859648
553569379674521600
500281037486698498
544424775939293184
544427255439425536
524968205690089472
552836392678465537
500261600579043328
553532452472238080
500332042648055808
500407038800056321
544504889746149377
552831506041683970
524959778125385728
576276947648405505
580330560331091968
525061787860103169
576857359533789184
580337446170320896
544415318345396224
544464812621578243
576412997662433280
552834461478715392
580320856905269248
553096753898323968
553538483474534400
500402449501286400
552980862774808577
552833795142209536
524985092343889920
553196453938855937
544514564407427072
524941124893700096
552833028201144320
544454229960974336
553180236591169536
544516478821613569
529702439164067840
552832584045330432
544316978278592512
552799591255384065
553152395371630592
544470398881259520
553518024272379905
576346280336756737
553502749498036224
552828308744699904
524949884143927296
580331453889708032
529687410611728384
499519439206092800
498486850521423872
552792131447037952
544298959993200640
499691224169590784
552847548776742914
580318938996740096
552814766369284097
500255282757632000
544277336422486016
580322346508124160
552850599168196608
552827819521085441
553527964856352769
553191800408911872
544519358090084354
544348392944463872
553514505633017856
553127274829328385
544289311504355328
500371149713178625
552838287929663489
544497405237161984
552804301316579330
580331561398108160
553136565296582657
552843136238899200
552846353416867841
524923148576518144
552837310707171328
552833662593400833
576885758537109505
524948618776944640
544342743003045888
553491517462315008
552846287314640897
500335761615355906
581286157151039488
552815443959091200
544284859628523521
499691814358888448
553223681409703937
552844100224172034
544356997718900736
544436666661085184
498463591767756800
499705042178691072
552817490263572480
499456140044824576
544351015936331777
499556227874304000
544296463027961856
544329935943237632
576789978795155457
553583809602801665
499695460358311936
529627936622931968
544272155144646656
544403112656527360
553151328009351169
552819936343883776
524964278030172160
544492053900836864
524933534692442112
544318036715782144
544361776020586496
544353257175654400
524971492820647936
580323946899214336
499357077429817344
529726642902810625
524966770428243968
553526283033133056
500269950876286976
552850725467082752
553207267685060608
498300256678076417
553205115830951936
576832918343032832
500347114975944705
544511811404705792
525044166519451648
552814076167213056
552847505763737600
544285296565948416
553170912129056770
524947604690702336
524957978806743040
544446282559799296
553542442373619712
529628988683976704
499660771857809409
553589051044151296
544401367540834304
580327418084364288
525006853626159105
524981463033581568
499527157023277056
498510381774819330
552837561119686656
544310222547087361
544280739290677249
525067419635576834
580336348764065793
524943132409212928
553588993993232384
576530268351246337
544275597464444929
499679986727411715
499704570134941697
525031558949134336
553586510260629505
544305673287524353
500303864495882240
498274692873351170
529730804688375809
580325235653799936
553533607126388737
552817061203050496
553227906449960961
525026973459165184
553570681619640320
552830668607348736
500291056445845504
544444661859749890
552796895513681920
524951439417044992
553113509152952321
544448652886818816
498293668655423488
499650640314777601
553216460164968449
499345010190348288
544447757860483072
552809418417790976
553540381187780609
544426421331169280
544333020023754752
499586890837016579
552811772038881280
544391471458451456
552834640692912128
553537870431268864
552808669646036992
525040545870385153
553178273895956480
500291116403789824
544515665319976960
544457877688430593
544391790615605249
544491151118860289
580328565255852032
580357920984051712
544415616753745920
544395804190855168
529749273211330562
552818301530025984
544385641975676929
553541838494515200
544280399044960256
553541988490825728
500388477763325952
500280304146612224
544398776236904448
498355319979143168
499700083265269763
580334729678966784
544316384273248256
500369479482630145
552818368487911425
553161458931236864
524970444156571648
552808071387701248
544302827330224128
553516197283893248
524960245509287936
500366207552196608
500394005419409408
553558824720666628
576465693798957058
576812336952000512
544286833362747392
500278485001457664
500287857727377408
544434192478519297
553187649943384064
544474960602083328
553588340432572416
500277854341697536
553488824656203776
580884417343815680
524935246647926784
552835109372825601
544482559900393472
525045145079533568
544417650680823808
552807874192482305
500359508531884033
529721745486659584
525020620636307456
499453886474637312
525068387899031552
525037540508594176
525046232209956865
524955304199352320
524977767688200192
500278045597368320
552813461953323008
552837644959621120
525030331775463424
525058976376193024
553591679341842432
525036457732231169
580370249712697344
552822314157768704
581063145256538112
525062993898635264
544377326122057728
552839385209917440
553578250186665984
544384467809230848
553164985460068352
553111820786204672
524947424482435073
544379143136497664
580347290633838592
544511783940403201
544316576645017600
544330052796559360
500396427378298880
553166152344829952
525050632211021825
544282127404388353
529669184670941184
524966946467749888
521359863884967936
544446269968908289
544499449645768706
577269846259433472
552838710296080384
500388199064420352
553587225901154304
544435685864660992
498322865843109888
499600140580044800
500303238810574849
544317609718865920
529727006427340801
499362994862960640
525017500061536258
524962199543230464
580353697865187328
544341124614459393
576713397196210176
524951696376487936
580330302251393024
576732099304095744
544468997916614656
552849968546213888
544425494763302913
553591758899412993
576171827086520320
524979179235069952
544335202923737089
544401468875616257
498253149707464704
500360596995731456
521358118597689344
499691638424608768
553234578086055937
552822450824962048
581479017770979329
498277231253127168
544354840042680320
553467311261503488
524974318087061504
524974106308251648
524988712367955970
581063816882065408
499366977497214976
576723588952276992
500363126294863876
499360784666071040
524927288077746176
553229177055219713
580352540316946432
553543939517874176
552979571021447168
529735706386898944
553204017552457728
544520990538358784
500349993539358720
553570914143854592
544268637134393344
553591475830009857
552822718115373057
553197863971610624
525069189447704576
524981436252950528
544332519861022720
544521788777304064
524955620538343426
553590522800275456
576769677592039424
529734612998955008
580356429615337472
552814978823385088
500326873407455233
524945879455653889
544516079129993216
499583349267382273
544268186292867072
525060022569422849
553583670343524352
500350150695743489
524934507892580352
552814767417876480
553521697350234112
524949526487265280
544443154964152320
552824320389435392
544511130249744384
524937114539282433
524958128392376320
524998881676107776
529723420268068865
553537551114706945
553588106587545600
499606771246567424
524946336190586880
499691593985957888
544299916252573698
552851629624803328
500287295485128704
553585447235223552
552786099899494400
552985389523148802
500070699768496128
553575232867672064
552826992509599744
580338392782757888
500309381930844160
552838105422913538
553586798451257344
529702456348139520
499700861900435456
553135106609922049
525001708318240768
529732310099578880
553587816048099328
544467005655748608
524924987774631936
552827757164371968
553148984509100032
553560219981459457
544392353717317632
524967572689522688
552850925510225920
576757242042703872
499696525808001024
552829217134505985
552793539856588801
529727813239451649
544277852968210432
553544336475168769
544373513407062016
524949003834634240
544419008615702528
498499795192143872
499471162058231808
553173654121742336
553509181446443008
544302851158470657
553537235463979008
581473088249958400
580334678340558849
524958250706681856
580882417117958144
499403422278619136
552981889619722241
500270284117925888
544300674448887809
544494273924562944
498457205801488385
553586523338440704
580364889736232960
499445575956578304
553219651594125312
544400801083686912
544273256174198785
553148900811759617
544427216516698113
553587735613952001
553537280343031808
580322782392762368
499702206455488513
500420906670256128
553545000110538753
553106869615472640
499700906384842752
500287313256402945
552799669521481728
552836516775354368
499693137670205440
553562569169199104
553481335948709888
576388172109750273
500073277273165824
553201523577331712
544520344976232449
529734972249505795
552821475066281984
552839190921351168
552830862585503746
552788886355996672
544345939054710785
553536236493615104
500319233558192128
553214358948683776
552806117328568321
525071376084791297
500280176924557314
576427289111474177
544352649978843136
553209917944131585
499490314718310400
553203538579701760
553184482241814530
553132714446950400
499585144416514048
500272350906957824
553586978017775616
544283714751328256
553589869810028544
525040252948189186
524941529928839168
544514569339953154
544306719686656000
552836968410021888
525052332116312064
524955385480753153
552839869387399168
500281131057811456
576319832800555008
500293872162205697
500275854434639872
544430910511140865
544341255174356992
580320563891019776
500391462073532416
500359897557790720
544321934410788865
553578029751226369
500375839498723328
525038296921960449
529653880196698112
553542337553764352
524952322703900672
553535765997969408
524958409381384192
525027539845410816
524944981753356288
552832019940376576
544491160803106816
544518583112314880
524937421180653568
553137557601812480
553106714682462209
524967376719466496
553532980896231424
498477164380299264
580330161725255681
524962450786226176
525039002307424256
552827979093385216
498292602861400064
553098571323437056
499601956491374594
544389639046721537
581437061363675136
552986187364065281
529572620782825473
500277526590423041
552982263907241984
553157600225677312
499361252691681281
553151132949053440
553525290908262400
553213740137467907
498269365175721984
544297950134816768
524935146806738944
552804198161854464
544439077756755969
544391946513305600
525029232691650561
499383640267423744
553103772852191233
500287479015292928
544334431830286336
525044725926330368
544286172109758464
544484477930467328
581386094337474560
498575704582148096
500302115458523136
544374018661687296
524979946218061824
553111553235361792
499695028407922689
552830864187727876
552821977061556225
552824462958395392
553226059836297216
581061237783556096
525025463648137216
529723684454666240
544520949748752384
500367267901632512
544374569016885248
553570916907511809
544346261365600257
544494058287423489
552832738542514176
576777148217843712
580327924978569216
553164185006534656
553572754746638337
544331094523662337
499579905508917248
525065123917221888
553232531827740672
498452664527511553
524928297986433024
552821282447040513
544502782267752449
498273703428620289
524958992330522624
544301609472122881
524964166936068097
499512318410375168
524932558275235840
544487579048222721
552825257707335680
529720675272249344
500294693356175360
552791414388424704
500282606316158976
544369229987078145
525021132022628353
544351832483450880
553127546129117184
544372177965834240
529627706057834496
544429942323167233
499409455814287360
552841287670308865
580341214098137089
580324027715063808
553478289474740224
580331913052852224
500361302238564352
544273563872538624
553572914923323392
500312651797233665
580350426278719488
544482233038286848
552845136414380032
499441454498852864
580324804403818496
552795953301045248
553591548613386241
524975705206304769
553496228055777280
581274406804025344
525040509937795072
498251940997136384
544381144620216320
553204399439642624
552838479844216833
524947196131966976
552816932643405824
552831420197261314
580364576560177154
525021050627973120
524930499790131200
524941318389501953
529722357267857408
552817759684665345
500406581855801345
553227258782306304
524926698165633024
524977830124617728
553508524320653312
524932327907270656
525031610136014848
499362480179912705
499435341259223040
576481588004933632
552846625467817984
580699825030754304
553486529231089664
524956383318650880
576565012086579200
524986210402705408
524931110279852032
500364250461003777
524974566830247936
500314015609147392
580336326634962944
553166907596365824
498321666267561985
544434964985421824
553113536625664000
544410050572582912
552814137857036289
544453564718804992
500354773133299713
529762820108607489
576829262927413248
580326222107951104
500266967102914560
552822783311630336
553210869010935808
553223992300285952
524947414050816000
553535862911541248
580331121180844032
544520195659014145
552814916567322624
524969431534153728
544496062321664001
525028734991343617
524944399890124801
499697498072420352
529652689471569920
500308900957405185
552838324977545216
529725387400835072
529765936199647233
553200573387124736
544305463048015872
529830606210093058
544421207115051008
553215879979085829
580335420703170561
544327278469988352
544277117039837184
552836204283326465
500279951275606017
577261281125642241
553491924015783936
524973811092193280
553489907524829184
552794995942772736
544350985142173697
525070461936222208
544348695076954114
553126044375732224
499448210789007360
499388398529175552
524928119955013632
580335409202348032
544411992279093248
552829571750715392
544495240640757760
544493536771854336
524989886483673088
580357700791468032
524956415589621760
580336782782382081
524955871689052160
544402785966772224
553559793940447234
552851772658561028
580366761398239232
552798654495354880
544287815790755840
499685593857531906
552817769604198400
499525020708634625
552807328287064065
499530130487017472
552978476605923328
580364934011334656
499701408904798208
524985046198157313
553162815402672128
498483031842500608
544337816298070017
544514127197388801
525001895631654912
500377191029673984
544438499642847232
552791332935434242
544437798426509312
500281856559161344
580330064384028673
553181899662049281
499649230181388289
544372257674788864
553536887349325825
553201965002653696
552851679905734657
576357849204412416
553137068688543744
544427753785659393
524956731638841344
544373676842311681
498529979672842241
529714629745082369
544464731449196544
553570659805454336
553148970651107329
553502180666531840
580320945740480512
580342401392312321
544391412075069440
552826524467216385
544510345289924608
529715547538485248
524978422188376064
552826443965927425
544338731210399744
553115396006764544
580342519516512256
580329206158127104
524998906799988736
553536358950916096
544338622078410752
524955243185176576
544448991518130176
544290611856408576
553224402012078081
499465611647275008
552805267990413312
544396816083468290
544298346345947136
525030416261337089
552799100715167744
525023057526947840
553098796108750848
499704780366036992
576406521833086976
544402515085623296
544389893120856064
544452299641192448
500363023958409216
581293685041557504
553566200098488320
580322102307373056
553484760233017344
553111157738057728
553574345235103746
580346392431968257
525019992337551360
553537648938086403
544405761925738496
544400853298184194
544267656597995521
499368533378498560
500277477986828288
553560429910568960
544310853613281281
552838171323817984
500247666924986369
553529101659566080
499397048878501888
500419556629041152
544334623023452160
553543319423553537
552826724774592512
524975552638504960
544437117963616256
580351758213447680
524936872666353664
498487087105314816
524923480173981696
553115176057065473
544396608704901120
529728722963034113
544445607717261314
544329251487756288
553133048611753984
553582301003931648
553480292498153472
524981565462704129
544513510450155520
553550448154910720
544282877278814208
499345604297121792
529638205013123073
544293069957259264
524951948337098752
500257318219837440
553547270264979456
525048410831736832
544391176137089024
553100279089205249
553537740588220416
553561169923829760
552824383816073216
553548404102414337
544351885298130945
552847905498103808
544309943533600769
544513292576641025
499455799723184130
500384777514799104
500358977046474754
524952437137092608
544374395540881408
552829395690201088
553562348376850433
553131566172737536
553212338728603648
552982124274647042
544307871853592576
553139573019406336
499568802267672576
580320161082830848
529723807591038977
553110751238701058
552842761565904896
552805619301097472
553573365798416385
552804769241526272
544286688436969472
529648452511473666
524948206023880704
529657139959451648
529729927835557888
544376073685712896
544278202743402496
581153923987206146
552802654641225728
576480712699744257
500279189405433858
553200085132009475
576847722055131136
553535642848989184
581301336085553152
553546292748898304
500298091627823104
553479280014151681
499494187969298432
529664783599943680
553558131369062400
553497730476015617
499687644045918210
553151691512492033
544511391349354496
499695682476060673
576499275754041344
544291853227786240
553555207410700289
500321506371850240
544474138287812608
529725532569886720
576402376073965568
499706065769201666
553538939076624384
552821862850637825
498311895716470784
499689757652566016
552848426812313600
544434475807936512
500254671337193474
544409432600223744
544328894812549121
525062013551001600
552829622128500736
544279603259248640
552802606696136705
500286293688193024
500280249629036544
500287595403022336
553581501422788608
524953767402553345
524982907052765184
553218001181605889
524954630279925760
576840804834144258
576409244968361985
529674135098900481
524977812852461568
500225210667122690
553198107278987264
552842983247466497
581409613913804800
553214726629781505
544299029601861632
553199320053592067
552833197084778496
544467710923395073
524961016904294400
525063740769972224
580323815261016064
500395231305826306
544396260740845568
544374422056882176
524937542131793920
500398504075071488
544300361360498688
500332097064550400
529644561770217473
552786299875520512
580318020192571392
544451052679204864
553148844574511104
553118384540643328
500378522398244865
544512514651066368
552812020295532544
499692788993511424
552980557836337152
552826270866616320
525003253185277952
524944178586091520
544305745416581120
529676682622664704
524930293921107969
553587329626292224
524976929703997441
524929796862918656
525036393983381504
544416937178976256
580323165068509184
552835854750605313
544303499756855297
552812847651377153
544338698750664704
553131791553667072
529446466541326336
552803413583360001
581287723841032192
524942802908876801
524991067675189250
576656873681731584
529637341645008896
553187959835725824
499651830951841794
581405344288608256
553585504093224962
553552293371871233
553224082213601280
576349360767807488
580328582993616896
553236009081921536
576323086888361984
544520273718812672
577311956048154625
553189840913989633
498535462349582337
581317224096387072
552812416485294080
524941272549969920
553474514496278528
544305672372772865
498284429333524480
544355197435142145
498281886603411456
552985611070881792
525032872647065600
521367917322338304
553213326277500929
553583847850663936
544300369765859328
544495359800930304
580324338865430528
525018717038854144
544519694401941504
544279262547935232
500286984162525184
553172543470043136
544517500118249472
498323364197699584
524967510563889152
544293770926120960
553174607604482048
499690323883589632
524947502903345153
544400775775289344
552834182905221121
524949028728221698
499389815268573187
524929559909916672
544280217104031744
524950887119482882
529399936434327552
544279950929321984
544282005941530624
524995812854489089
498255816034893824
498506343368519680
524968185016360960
524974786460778497
524987263835721728
580365368805486592
544319832486064128
552817345887207425
580328029852856320
524978172110987264
552797828977029120
553138598980370433
524995776578330624
544313370892324864
544355845489065984
544508035113439232
552825783337897984
552826060455550976
576819222694744064
498486539585069056
553181997041217537
544521880661950464
552804592988479488
553192366098898945
580327960638521344
524998460848611328
552837610897694720
553535441828605953
525026715123601408
529637505981624320
552841583251701761
499698828845780993
552842042242789377
500329864017498114
524949069945634816
553186577850335232
500413489882484736
544415105358643200
499478732315566080
553165231275663361
552845393541988352
553147034707165185
529691396169809921
552821810224304128
552787544837197824
553563356339384322
525059348574130176
544488899100147713
580333028624457728
552785443813457921
576795865433706496
552801724898226176
544473507594113024
544483951524737024
524961362448240642
553182566564757504
552821069036670976
553473416905629696
553540617540624385
544510450101415936
553108242856177664
553129378969047043
552978972963643392
553481076916883456
544472530921480192
552785391653494784
544294274674593792
499673760484433921
552823108537954306
553524183594844160
524935085863481344
499622667142844416
552831230735962113
552985973445783552
553536532960010240
580328535790907392
524993533212897281
576600087066869760
553588913747808256
552806937470201856
499456913902284800
529679889923076096
544279103864860674
553175550231986177
500324234821124096
552849316021551105
500277301607542785
544309060883845120
500286059918274561
500301519854379008
544518337498058753
500364914796802048
521361857810939905
552804763461775360
524940803601227777
577309214663684097
499698311306043392
552847427410341890
553190655011205120
500322486362202112
524941119403335681
544483282352889857
544513072006967297
498314939359301632
552841049467400192
544512867144192000
524946179390701568
552843285468020736
552788945017516032
552806890498191361
580358227713458176
529655582882791424
529723708207030274
529660746645647360
499397804620386304
499654313870761984
529664593921314816
544385829180035072
544403765575839744
577301342617673729
552812098057936896
524947964620701696
544350803125735424
553119505887395840
500383956362334208
544428943080951808
552838203276021760
552823186966855680
498530946338258944
553215305917665280
552814974511628289
500365332351971328
576892395930955776
525040408653754368
499611719090450432
544446667312091136
544307161589772290
553193480319942656
580350403734310912
544306732475105283
529701740925698048
544298334354411521
544385535909715968
552815682241691648
500382265076379649
500381163866062848
580327626419482624
529729144536723456
524939818347028480
544332510440595456
524947744809418752
499701576395919360
576833878981136384
576863192854462464
552791182670327808
500286460210462720
525036180379676673
553534768537939968
524927789892653056
524943976902971392
552817785949396992
553187282295877632
500280477920796672
524950455743291392
552816233796894720
500309193526882306
580323498905702400
544333172180537344
529739770524860418
529700827557285889
544416939867529216
524937243518312448
544442448965947392
580317556516483072
498489451954573312
553473559352606720
524925033626738688
544421245698056194
553131557892804609
524929497205055488
529726825938030592
524954313337364480
544277526248304640
529725420162539520
544407393451646976
553557308937363458
553587511839444994
553230614712033283
524991844292521984
499553298668859392
525002842021445632
576806702454075392
500328049058279424
553161476928978944
581314363644121088
553485866346483713
576643337173749760
524995942995746819
524943063937208320
500318336719134720
553104721503088640
500266427840864256
552801667855695873
552838203078873089
544385086955589632
500405384503238656
553466230989144064
552787878351474688
525021697003782145
544291966536523776
553538939454509056
544340578528272385
552833236389199874
524959715957424128
553203041705664513
552825512708808704
552786361758265344
525019265888702464
544291965513134080
499478537468792832
498507730395484160
552978225010184193
580346142183002113
544351486956670976
553186515359379457
525052526593601537
500231335668383744
552838341843226624
553586959596396544
552793552376569857
544508900595499009
500350460122136576
553118198741356544
525005134624215041
500320235841265665
499571347375136768
581252958446329857
500234112054341632
544358920869789696
500180740127342592
576471501081292800
544450580367024128
525055967076290560
524960221694005248
544286724831318017
553584292090359808
525026947307700225
576497758862987265
525046443103354880
580325799078793216
544420349052342272
525042177643016192
553552772277481472
552822873773993984
499361662743220224
525046462460477440
552821223676444672
544316814856306688
552808776492130304
524947036228317184
498280730070622209
553477352542707712
552801979861598208
553177099843149824
525035564014526464
553470492565602305
544349042952916993
580331843616133120
524987432656453632
576772668805935104
524955850591334403
529700937053773824
553497508970631168
576528880208637952
553569060882235392
525030696738652160
500308708988301312
553536269972942849
524960580944560128
576815428066009089
552833393734721537
544463778780557312
552810249263259649
552838568717344769
576794571629166592
576736349153288192
552978519328686080
499705599454883840
552840905213083648
577342598592901120
552800222553079809
553582251616010240
552806624046641153
544458083129229312
544363222296297473
544496648445890561
552838440103198720
553490358748061696
499602333404504064
524971258996588544
544410079043551232
553476073703620609
544512398628241408
529674474019651584
544518128798294016
553529935789559808
553560769246539776
544520121436213248
524970488590651395
553524086417424384
553106200242700289
529738310022090752
552808904137408512
498304114955419648
529654845838741504
529667934697029632
553214612569456640
500286170035523585
498294367405477888
553534934447824896
544292670336925696
499424290748780546
553486796534054912
552784526955806720
576464933648371712
498290802255466498
553531971457265664
544294890343915520
553174536028303360
524930671220105216
552789196906459136
553555156391186432
553146691344695297
553573066455134208
553212333867012096
544495975083941889
544520795511611392
553509591888441344
553480287045554176
524924034124107776
524969483317026816
500365059390836736
499659628645720064
524960814944747520
552817675408523264
524925730053181440
524993523746373633
544463189447294976
552837016350912512
544328673097039873
576592351776346112
552837527640363010
499602370917978112
553532736187924480
580347361039413248
553167429665587200
498278882244853760
581132461960249344
580329153553141760
553233728030650368
500290867681587200
544284526684286976
500375440285237248
499362348940144640
552842580929826816
500384393362698241
499679142766735362
544450560460480512
552831624283693056
552813420136128513
552829734502297600
499514668814467072
500163615555878912
580329937573302272
524928195011698688
553180729254113280
553159409476837376
552790824971677696
544511434840113152
524945665827545089
552791196247269378
552991544731774976
553126492579053568
544390550497947649
499657337548701696
553572111441465344
544515850963648512
553176411541098499
544287165912735744
580328000400564225
576746408184676352
580322927679279105
544511915158810624
544506443626741762
553552493561798656
553161360503500801
544435023282470912
544351133120987136
499381843955707904
553538559609942017
544272134764122112
553157744061325312
544298507868200961
544275733607366656
500311153583853570
553589970775343104
529726566646177794
553127632947396609
544500288183607296
580327625626927104
544462438310375425
553590273952215040
552846905819291649
524961908903149568
544391533240516608
529652829536141314
529654388269535232
499689349420568577
544415156659175424
499689438092726273
499697648866045953
552819155859431424
524937675115999232
576319105965359105
498477676219600896
553581668142153729
581248880098086912
552985912901001218
553184082277187585
576494415851626496
544435176479027200
553588704913416192
544511865729323009
524978855531253760
498602798687469568
553555979238129664
552797154692300800
498492636630896640
581303832895885312
553561452318322688
553540131756732416
576548875072335872
552850603714826241
553117778870169600
552791203432103937
500339209715335169
544508995361202176
544401106617786370
544387669766451200
524937560276344832
553194417239363584
552831842232324097
553228535511650305
524961070465945600
544419788739461121
544309096351268864
544283745939767296
553468492700454912
529702197916090370
552797729504886784
580353986991112192
552822604206460928
524933657493250048
580337831253581824
553500932521336832
552834033600966657
498452658605535232
544324444773433348
576389199202496512
553484619426062336
552818821460148226
552835301547442176
499598154581303296
552979466050613248
552814410763603968
499695074855624704
553542208214036480
499542449753051136
576796432730071040
525039242771464193
525038517844709376
500339591392817152
525055273816555520
553529941938425857
544406665223999488
524965047647617024
500387844758994946
552820930419109888
552821659103940608
524932292406681601
498585089828478977
580352273001410560
553229626756329472
500321184269881345
544287425380360193
524945101542678529
552837078854410241
553177321218514944
552791678881660928
544459333983948800
553589880245481472
529735664347406339
553153731471364096
525034687245582337
544282250503012352
529708410464636929
529720273285566464
525008613392515073
552829904396775425
544298354029506560
553183099610095616
544300088747884544
580335102313500673
524961055211286528
500237448798949376
524945170777645059
552817101057318913
580319116302647297
499703128540061699
499359735947087872
544329393737170944
552832142397296641
544290967369428992
552982828963856384
525025695425380352
498504673339666432
553541776854634496
581259253429702656
499665704300191745
553531130163773440
524938137320312832
544360342995099648
544277860555710464
524953604717686784
498300832648273920
580321350750990336
552810805243412481
576181101577703424
544327577406410752
553485452943302656
544451181754744832
553543467427577858
544514474963922944
524944637489086464
544334612718055424
524955317201666048
525041399344168961
552832817089236992
576679386616881152
553144928721973248
544306402731507712
553205427253829632
499412007573942272
544515971637968898
544329092100005888
500411513727750148
544273888725577729
553125384246804480
576833011955679232
524924346411020288
500277625773121536
524991452527722496
553505458162782208
524928223499784192
499674902060744704
500224586064343040
544288009747566592
499662393627410432
553171989385728000
